>-2,1,300 {
100,100,100,100,100,100,100,100,100,100
100,100,100,100,100,100,100,100,100,100
100,100,100,100,100,100,100,100,100,100
100,117,117,117,117,117,117,117,117,117
100,117,117,117,117,117,117,117,117,117
100,100,100,117,117,117,117,117,117,117
100,100,100,100,117,117,117,117,117,117
100,100,100,100,117,117,117,117,117,117
100,100,100,100,100,100,100,117,118,118
118,118,112,118,112,118,118,118,112,112

>-7,-4,999 {
100,100,100,100,100,100,100,100,100,100
100,100,100,100,100,100,100,100,100,100
100,100,100,100,100,100,100,100,100,100
100,100,100,100,100,100,100,100,100,100
100,100,100,100,100,100,100,100,100,100
100,100,100,100,100,100,100,100,100,100
100,100,100,100,100,100,100,100,100,100
100,100,100,100,100,100,100,100,100,100
100,100,100,100,100,100,100,100,100,100
100,100,100,100,100,100,100,100,100,100

>-7,-3,999 {
100,100,100,100,100,100,100,100,100,100
100,100,100,100,100,100,100,100,100,100
100,100,100,100,100,100,100,100,100,100
100,100,100,100,100,100,100,100,100,100
100,100,100,100,100,100,100,100,100,100
100,100,100,100,100,100,100,100,100,100
100,100,100,100,100,100,100,100,100,100
100,100,100,100,100,100,100,100,100,100
100,100,100,100,100,100,100,100,100,100
100,100,100,100,100,100,100,100,100,100

>-7,-2,999 {
100,100,100,100,100,100,100,100,100,100
100,100,100,100,100,100,100,100,100,100
100,100,100,100,100,100,100,100,100,100
100,100,100,100,100,100,100,100,100,100
100,100,100,100,100,100,100,100,100,100
100,100,100,100,100,100,100,100,100,100
100,100,100,100,100,100,100,100,100,100
100,100,100,100,100,100,100,100,100,100
100,100,100,100,100,100,100,100,100,100
100,100,100,100,100,100,100,100,100,100

>-7,-1,999 {
100,100,100,100,100,100,100,100,100,100
100,100,100,100,100,100,100,100,100,100
100,100,100,100,100,100,100,100,100,100
100,100,100,100,100,100,100,100,100,100
100,100,100,100,100,100,100,100,100,100
100,100,100,100,100,100,100,100,100,100
100,100,100,100,100,100,100,100,100,100
100,100,100,100,100,100,100,100,100,100
100,100,100,100,100,100,100,100,100,100
100,100,100,100,100,100,100,100,100,100

>-7,0,106 {
100,100,100,100,100,100,100,100,100,100
100,100,100,100,100,100,100,100,100,100
100,100,100,100,100,100,100,100,100,100
117,117,117,117,117,117,117,117,117,117
117,117,117,117,117,117,117,117,117,117
117,117,117,117,117,117,117,117,117,117
117,117,117,117,117,117,117,117,117,117
117,117,117,117,117,117,117,117,117,117
118,118,117,117,117,118,118,118,118,118
112,112,118,118,118,112,112,112,112,112

>-7,1,300 {
112,112,112,112,112,112,112,112,112,112
112,112,112,112,112,112,112,112,112,112
112,112,112,112,112,112,112,112,112,112
112,112,112,112,112,112,112,112,112,112
112,112,112,112,112,112,112,112,112,112
112,112,112,112,112,112,112,112,112,112
112,112,112,112,112,112,112,112,112,112
112,112,112,112,112,112,112,112,112,112
112,112,112,112,112,112,112,112,112,112
112,112,112,112,112,112,112,112,112,112

>-7,2,300 {
112,112,112,112,112,112,112,112,112,112
112,112,112,112,112,112,112,112,112,112
112,112,112,112,112,112,112,112,112,112
112,112,112,112,112,112,112,112,112,112
112,112,112,112,112,112,112,112,112,112
112,112,112,112,112,112,112,112,112,112
112,112,112,112,112,112,112,112,112,112
112,112,112,112,112,112,112,112,112,112
112,112,112,112,112,112,112,112,112,112
112,112,112,112,112,112,112,112,112,112

>-7,3,300 {
112,112,112,112,112,112,112,112,112,112
112,112,112,112,112,112,112,112,112,112
112,112,112,112,112,112,112,112,112,112
112,112,112,112,112,112,112,112,112,112
112,112,112,112,112,112,112,112,112,112
112,112,112,112,112,112,112,112,112,112
112,112,112,112,112,112,112,112,112,112
112,112,112,112,112,112,112,112,112,112
112,112,112,112,112,112,112,112,112,112
112,112,112,112,112,112,112,112,112,112

>-7,4,300 {
112,112,112,112,112,112,112,112,112,112
112,112,112,112,112,112,112,112,112,112
112,112,112,112,112,112,112,112,112,112
112,112,112,112,112,112,112,112,112,112
112,112,112,112,112,112,112,112,112,112
112,112,112,112,112,112,112,112,112,112
112,112,112,112,112,112,112,112,112,112
112,112,112,112,112,112,112,112,112,112
112,112,112,112,112,112,112,112,112,112
112,112,112,112,112,112,112,112,112,112

>-7,5,300 {
112,112,112,112,112,112,112,112,112,112
112,112,112,112,112,112,112,112,112,112
112,112,112,112,112,112,112,112,112,112
112,112,112,112,112,112,112,112,112,112
112,112,112,112,112,112,112,112,112,112
112,112,112,112,112,112,112,112,112,112
112,112,112,112,112,112,112,112,112,112
112,112,112,112,112,112,112,112,112,112
112,112,112,112,112,112,112,112,112,112
112,112,112,112,112,112,112,112,112,112

>-7,6,300 {
112,112,112,112,112,112,112,112,112,112
112,112,112,112,112,112,112,112,112,112
112,112,112,112,112,112,112,112,112,112
112,112,112,112,112,112,112,112,112,112
112,112,112,112,112,112,112,112,112,112
112,112,112,112,112,112,112,112,112,112
112,112,112,112,112,112,112,112,112,112
112,112,112,112,112,112,112,112,112,112
112,112,112,112,112,112,112,112,112,112
112,112,112,112,112,112,112,112,112,112

>-3,1,300 {
112,112,112,112,112,112,112,112,112,112
112,112,112,112,112,112,112,112,112,100
112,112,112,112,112,112,112,112,112,112
112,112,112,112,112,112,112,112,112,112
112,112,112,112,112,112,112,112,112,112
112,112,112,112,112,112,112,112,112,112
112,112,112,112,112,112,112,112,112,112
112,112,112,112,112,112,112,112,112,112
112,112,112,112,112,112,112,112,112,112
112,112,112,112,112,112,112,112,112,112

>-2,0,106 {
100,100,100,100,100,100,100,100,100,100
100,100,100,100,100,100,100,100,100,100
100,100,100,100,100,100,100,100,100,100
100,100,100,100,100,100,100,100,100,100
100,100,100,100,100,100,100,100,100,100
100,100,100,117,117,117,117,117,117,100
100,100,100,100,100,100,100,100,100,100
117,117,117,100,100,100,117,117,100,100
117,118,118,100,118,117,117,118,100,100
100,112,112,118,112,118,118,112,100,100

>-1,0,106 {
100,100,100,100,100,100,100,100,100,100
100,100,100,100,100,100,100,100,100,100
100,100,100,100,100,100,100,100,100,100
100,100,100,117,117,100,100,100,117,117
100,100,100,117,117,100,100,117,117,117
117,100,100,117,117,117,117,117,117,117
100,100,117,117,117,117,117,117,117,117
100,100,100,100,100,100,100,100,100,100
100,117,117,117,118,117,118,117,117,118
112,118,118,118,112,118,112,118,118,112

>0,0,106 {
100,100,100,100,100,100,100,100,100,100
100,100,100,100,100,100,100,100,100,100
100,100,100,100,100,100,100,100,100,100
100,117,117,117,117,117,117,117,117,117
100,117,117,117,117,117,117,117,117,117
100,100,100,117,117,117,117,117,117,117
100,100,100,100,117,117,117,117,117,117
100,100,100,100,117,117,117,117,117,117
100,117,118,117,118,117,117,117,118,118
118,118,112,118,112,118,118,118,112,112

>-4,-6,999 {
100,100,100,100,100,100,100,100,100,100
100,100,100,100,100,100,100,100,100,100
100,100,100,100,100,100,100,100,100,100
100,100,100,100,100,100,100,100,100,100
100,100,100,100,100,100,100,100,100,100
100,100,100,100,100,100,100,100,100,100
100,100,100,100,100,100,100,100,100,100
100,100,100,100,100,100,100,100,100,100
100,100,100,100,100,100,100,100,100,100
100,100,100,100,100,100,100,100,100,100

>-3,-6,999 {
100,100,100,100,100,100,100,100,100,100
100,100,100,100,100,100,100,100,100,100
100,100,100,100,100,100,100,100,100,100
100,100,100,100,100,100,100,100,100,100
100,100,100,100,100,100,100,100,100,100
100,100,100,100,100,100,100,100,100,100
100,100,100,100,100,100,100,100,100,100
100,100,100,100,100,100,100,100,100,100
100,100,100,100,100,100,100,100,100,100
100,100,100,100,100,100,100,100,100,100

>-2,-6,999 {
100,100,100,100,100,100,100,100,100,100
100,100,100,100,100,100,100,100,100,100
100,100,100,100,100,100,100,100,100,100
100,100,100,100,100,100,100,100,100,100
100,100,100,100,100,100,100,100,100,100
100,100,100,100,100,100,100,100,100,100
100,100,100,100,100,100,100,100,100,100
100,100,100,100,100,100,100,100,100,100
100,100,100,100,100,100,100,100,100,100
100,100,100,100,100,100,100,100,100,100

>-1,-6,999 {
100,100,100,100,100,100,100,100,100,100
100,100,100,100,100,100,100,100,100,100
100,100,100,100,100,100,100,100,100,100
100,100,100,100,100,100,100,100,100,100
100,100,100,100,100,100,100,100,100,100
100,100,100,100,100,100,100,100,100,100
100,100,100,100,100,100,100,100,100,100
100,100,100,100,100,100,100,100,100,100
100,100,100,100,100,100,100,100,100,100
100,100,100,100,100,100,100,100,100,100

>0,-6,999 {
100,100,100,100,100,100,100,100,100,100
100,100,100,100,100,100,100,100,100,100
100,100,100,100,100,100,100,100,100,100
100,100,100,100,100,100,100,100,100,100
100,100,100,100,100,100,100,100,100,100
100,100,100,100,100,100,100,100,100,100
100,100,100,100,100,100,100,100,100,100
100,100,100,100,100,100,100,100,100,100
100,100,100,100,100,100,100,100,100,100
100,100,100,100,100,100,100,100,100,100

>1,-6,999 {
100,100,100,100,100,100,100,100,100,100
100,100,100,100,100,100,100,100,100,100
100,100,100,100,100,100,100,100,100,100
100,100,100,100,100,100,100,100,100,100
100,100,100,100,100,100,100,100,100,100
100,100,100,100,100,100,100,100,100,100
100,100,100,100,100,100,100,100,100,100
100,100,100,100,100,100,100,100,100,100
100,100,100,100,100,100,100,100,100,100
100,100,100,100,100,100,100,100,100,100

>2,-6,999 {
100,100,100,100,100,100,100,100,100,100
100,100,100,100,100,100,100,100,100,100
100,100,100,100,100,100,100,100,100,100
100,100,100,100,100,100,100,100,100,100
100,100,100,100,100,100,100,100,100,100
100,100,100,100,100,100,100,100,100,100
100,100,100,100,100,100,100,100,100,100
100,100,100,100,100,100,100,100,100,100
100,100,100,100,100,100,100,100,100,100
100,100,100,100,100,100,100,100,100,100

>3,-6,999 {
100,100,100,100,100,100,100,100,100,100
100,100,100,100,100,100,100,100,100,100
100,100,100,100,100,100,100,100,100,100
100,100,100,100,100,100,100,100,100,100
100,100,100,100,100,100,100,100,100,100
100,100,100,100,100,100,100,100,100,100
100,100,100,100,100,100,100,100,100,100
100,100,100,100,100,100,100,100,100,100
100,100,100,100,100,100,100,100,100,100
100,100,100,100,100,100,100,100,100,100

>4,-6,999 {
100,100,100,100,100,100,100,100,100,100
100,100,100,100,100,100,100,100,100,100
100,100,100,100,100,100,100,100,100,100
100,100,100,100,100,100,100,100,100,100
100,100,100,100,100,100,100,100,100,100
100,100,100,100,100,100,100,100,100,100
100,100,100,100,100,100,100,100,100,100
100,100,100,100,100,100,100,100,100,100
100,100,100,100,100,100,100,100,100,100
100,100,100,100,100,100,100,100,100,100

>5,-6,999 {
100,100,100,100,100,100,100,100,100,100
100,100,100,100,100,100,100,100,100,100
100,100,100,100,100,100,100,100,100,100
100,100,100,100,100,100,100,100,100,100
100,100,100,100,100,100,100,100,100,100
100,100,100,100,100,100,100,100,100,100
100,100,100,100,100,100,100,100,100,100
100,100,100,100,100,100,100,100,100,100
100,100,100,100,100,100,100,100,100,100
100,100,100,100,100,100,100,100,100,100

>-5,-5,999 {
100,100,100,100,100,100,100,100,100,100
100,100,100,100,100,100,100,100,100,100
100,100,100,100,100,100,100,100,100,100
100,100,100,100,100,100,100,100,100,100
100,100,100,100,100,100,100,100,100,100
100,100,100,100,100,100,100,100,100,100
100,100,100,100,100,100,100,100,100,100
100,100,100,100,100,100,100,100,100,100
100,100,100,100,100,100,100,100,100,100
100,100,100,100,100,100,100,100,100,100

>-4,-5,999 {
100,100,100,100,100,100,100,100,100,100
100,100,100,100,100,100,100,100,100,100
100,100,100,100,100,100,100,100,100,100
100,100,100,100,100,100,100,100,100,100
100,100,100,100,100,100,100,100,100,100
100,100,100,100,100,100,100,100,100,100
100,100,100,100,100,100,100,100,100,100
100,100,100,100,100,100,100,100,100,100
100,100,100,100,100,100,100,100,100,100
100,100,100,100,100,100,100,100,100,100

>-3,-5,999 {
100,100,100,100,100,100,100,100,100,100
100,100,100,100,100,100,100,100,100,100
100,100,100,100,100,100,100,100,100,100
100,100,100,100,100,100,100,100,100,100
100,100,100,100,100,100,100,100,100,100
100,100,100,100,100,100,100,100,100,100
100,100,100,100,100,100,100,100,100,100
100,100,100,100,100,100,100,100,100,100
100,100,100,100,100,100,100,100,100,100
100,100,100,100,100,100,100,100,100,100

>-2,-5,999 {
100,100,100,100,100,100,100,100,100,100
100,100,100,100,100,100,100,100,100,100
100,100,100,100,100,100,100,100,100,100
100,100,100,100,100,100,100,100,100,100
100,100,100,100,100,100,100,100,100,100
100,100,100,100,100,100,100,100,100,100
100,100,100,100,100,100,100,100,100,100
100,100,100,100,100,100,100,100,100,100
100,100,100,100,100,100,100,100,100,100
100,100,100,100,100,100,100,100,100,100

>-1,-5,999 {
100,100,100,100,100,100,100,100,100,100
100,100,100,100,100,100,100,100,100,100
100,100,100,100,100,100,100,100,100,100
100,100,100,100,100,100,100,100,100,100
100,100,100,100,100,100,100,100,100,100
100,100,100,100,100,100,100,100,100,100
100,100,100,100,100,100,100,100,100,100
100,100,100,100,100,100,100,100,100,100
100,100,100,100,100,100,100,100,100,100
100,100,100,100,100,100,100,100,100,100

>0,-5,999 {
100,100,100,100,100,100,100,100,100,100
100,100,100,100,100,100,100,100,100,100
100,100,100,100,100,100,100,100,100,100
100,100,100,100,100,100,100,100,100,100
100,100,100,100,100,100,100,100,100,100
100,100,100,100,100,100,100,100,100,100
100,100,100,100,100,100,100,100,100,100
100,100,100,100,100,100,100,100,100,100
100,100,100,100,100,100,100,100,100,100
100,100,100,100,100,100,100,100,100,100

>1,-5,999 {
100,100,100,100,100,100,100,100,100,100
100,100,100,100,100,100,100,100,100,100
100,100,100,100,100,100,100,100,100,100
100,100,100,100,100,100,100,100,100,100
100,100,100,100,100,100,100,100,100,100
100,100,100,100,100,100,100,100,100,100
100,100,100,100,100,100,100,100,100,100
100,100,100,100,100,100,100,100,100,100
100,100,100,100,100,100,100,100,100,100
100,100,100,100,100,100,100,100,100,100

>2,-5,999 {
100,100,100,100,100,100,100,100,100,100
100,100,100,100,100,100,100,100,100,100
100,100,100,100,100,100,100,100,100,100
100,100,100,100,100,100,100,100,100,100
100,100,100,100,100,100,100,100,100,100
100,100,100,100,100,100,100,100,100,100
100,100,100,100,100,100,100,100,100,100
100,100,100,100,100,100,100,100,100,100
100,100,100,100,100,100,100,100,100,100
100,100,100,100,100,100,100,100,100,100

>3,-5,999 {
100,100,100,100,100,100,100,100,100,100
100,100,100,100,100,100,100,100,100,100
100,100,100,100,100,100,100,100,100,100
100,100,100,100,100,100,100,100,100,100
100,100,100,100,100,100,100,100,100,100
100,100,100,100,100,100,100,100,100,100
100,100,100,100,100,100,100,100,100,100
100,100,100,100,100,100,100,100,100,100
100,100,100,100,100,100,100,100,100,100
100,100,100,100,100,100,100,100,100,100

>4,-5,999 {
100,100,100,100,100,100,100,100,100,100
100,100,100,100,100,100,100,100,100,100
100,100,100,100,100,100,100,100,100,100
100,100,100,100,100,100,100,100,100,100
100,100,100,100,100,100,100,100,100,100
100,100,100,100,100,100,100,100,100,100
100,100,100,100,100,100,100,100,100,100
100,100,100,100,100,100,100,100,100,100
100,100,100,100,100,100,100,100,100,100
100,100,100,100,100,100,100,100,100,100

>5,-5,999 {
100,100,100,100,100,100,100,100,100,100
100,100,100,100,100,100,100,100,100,100
100,100,100,100,100,100,100,100,100,100
100,100,100,100,100,100,100,100,100,100
100,100,100,100,100,100,100,100,100,100
100,100,100,100,100,100,100,100,100,100
100,100,100,100,100,100,100,100,100,100
100,100,100,100,100,100,100,100,100,100
100,100,100,100,100,100,100,100,100,100
100,100,100,100,100,100,100,100,100,100

>-5,-4,999 {
100,100,100,100,100,100,100,100,100,100
100,100,100,100,100,100,100,100,100,100
100,100,100,100,100,100,100,100,100,100
100,100,100,100,100,100,100,100,100,100
100,100,100,100,100,100,100,100,100,100
100,100,100,100,100,100,100,100,100,100
100,100,100,100,100,100,100,100,100,100
100,100,100,100,100,100,100,100,100,100
100,100,100,100,100,100,100,100,100,100
100,100,100,100,100,100,100,100,100,100

>-4,-4,999 {
100,100,100,100,100,100,100,100,100,100
100,100,100,100,100,100,100,100,100,100
100,100,100,100,100,100,100,100,100,100
100,100,100,100,100,100,100,100,100,100
100,100,100,100,100,100,100,100,100,100
100,100,100,100,100,100,100,100,100,100
100,100,100,100,100,100,100,100,100,100
100,100,100,100,100,100,100,100,100,100
100,100,100,100,100,100,100,100,100,100
100,100,100,100,100,100,100,100,100,100

>-3,-4,999 {
100,100,100,100,100,100,100,100,100,100
100,100,100,100,100,100,100,100,100,100
100,100,100,100,100,100,100,100,100,100
100,100,100,100,100,100,100,100,100,100
100,100,100,100,100,100,100,100,100,100
100,100,100,100,100,100,100,100,100,100
100,100,100,100,100,100,100,100,100,100
100,100,100,100,100,100,100,100,100,100
100,100,100,100,100,100,100,100,100,100
100,100,100,100,100,100,100,100,100,100

>-2,-4,999 {
100,100,100,100,100,100,100,100,100,100
100,100,100,100,100,100,100,100,100,100
100,100,100,100,100,100,100,100,100,100
100,100,100,100,100,100,100,100,100,100
100,100,100,100,100,100,100,100,100,100
100,100,100,100,100,100,100,100,100,100
100,100,100,100,100,100,100,100,100,100
100,100,100,100,100,100,100,100,100,100
100,100,100,100,100,100,100,100,100,100
100,100,100,100,100,100,100,100,100,100

>-1,-4,999 {
100,100,100,100,100,100,100,100,100,100
100,100,100,100,100,100,100,100,100,100
100,100,100,100,100,100,100,100,100,100
100,100,100,100,100,100,100,100,100,100
100,100,100,100,100,100,100,100,100,100
100,100,100,100,100,100,100,100,100,100
100,100,100,100,100,100,100,100,100,100
100,100,100,100,100,100,100,100,100,100
100,100,100,100,100,100,100,100,100,100
100,100,100,100,100,100,100,100,100,100

>0,-4,999 {
100,100,100,100,100,100,100,100,100,100
100,100,100,100,100,100,100,100,100,100
100,100,100,100,100,100,100,100,100,100
100,100,100,100,100,100,100,100,100,100
100,100,100,100,100,100,100,100,100,100
100,100,100,100,100,100,100,100,100,100
100,100,100,100,100,100,100,100,100,100
100,100,100,100,100,100,100,100,100,100
100,100,100,100,100,100,100,100,100,100
100,100,100,100,100,100,100,100,100,100

>1,-4,999 {
100,100,100,100,100,100,100,100,100,100
100,100,100,100,100,100,100,100,100,100
100,100,100,100,100,100,100,100,100,100
100,100,100,100,100,100,100,100,100,100
100,100,100,100,100,100,100,100,100,100
100,100,100,100,100,100,100,100,100,100
100,100,100,100,100,100,100,100,100,100
100,100,100,100,100,100,100,100,100,100
100,100,100,100,100,100,100,100,100,100
100,100,100,100,100,100,100,100,100,100

>2,-4,999 {
100,100,100,100,100,100,100,100,100,100
100,100,100,100,100,100,100,100,100,100
100,100,100,100,100,100,100,100,100,100
100,100,100,100,100,100,100,100,100,100
100,100,100,100,100,100,100,100,100,100
100,100,100,100,100,100,100,100,100,100
100,100,100,100,100,100,100,100,100,100
100,100,100,100,100,100,100,100,100,100
100,100,100,100,100,100,100,100,100,100
100,100,100,100,100,100,100,100,100,100

>3,-4,999 {
100,100,100,100,100,100,100,100,100,100
100,100,100,100,100,100,100,100,100,100
100,100,100,100,100,100,100,100,100,100
100,100,100,100,100,100,100,100,100,100
100,100,100,100,100,100,100,100,100,100
100,100,100,100,100,100,100,100,100,100
100,100,100,100,100,100,100,100,100,100
100,100,100,100,100,100,100,100,100,100
100,100,100,100,100,100,100,100,100,100
100,100,100,100,100,100,100,100,100,100

>4,-4,999 {
100,100,100,100,100,100,100,100,100,100
100,100,100,100,100,100,100,100,100,100
100,100,100,100,100,100,100,100,100,100
100,100,100,100,100,100,100,100,100,100
100,100,100,100,100,100,100,100,100,100
100,100,100,100,100,100,100,100,100,100
100,100,100,100,100,100,100,100,100,100
100,100,100,100,100,100,100,100,100,100
100,100,100,100,100,100,100,100,100,100
100,100,100,100,100,100,100,100,100,100

>5,-4,999 {
100,100,100,100,100,100,100,100,100,100
100,100,100,100,100,100,100,100,100,100
100,100,100,100,100,100,100,100,100,100
100,100,100,100,100,100,100,100,100,100
100,100,100,100,100,100,100,100,100,100
100,100,100,100,100,100,100,100,100,100
100,100,100,100,100,100,100,100,100,100
100,100,100,100,100,100,100,100,100,100
100,100,100,100,100,100,100,100,100,100
100,100,100,100,100,100,100,100,100,100

>-5,-3,999 {
100,100,100,100,100,100,100,100,100,100
100,100,100,100,100,100,100,100,100,100
100,100,100,100,100,100,100,100,100,100
100,100,100,100,100,100,100,100,100,100
100,100,100,100,100,100,100,100,100,100
100,100,100,100,100,100,100,100,100,100
100,100,100,100,100,100,100,100,100,100
100,100,100,100,100,100,100,100,100,100
100,100,100,100,100,100,100,100,100,100
100,100,100,100,100,100,100,100,100,100

>-4,-3,999 {
100,100,100,100,100,100,100,100,100,100
100,100,100,100,100,100,100,100,100,100
100,100,100,100,100,100,100,100,100,100
100,100,100,100,100,100,100,100,100,100
100,100,100,100,100,100,100,100,100,100
100,100,100,100,100,100,100,100,100,100
100,100,100,100,100,100,100,100,100,100
100,100,100,100,100,100,100,100,100,100
100,100,100,100,100,100,100,100,100,100
100,100,100,100,100,100,100,100,100,100

>-3,-3,999 {
100,100,100,100,100,100,100,100,100,100
100,100,100,100,100,100,100,100,100,100
100,100,100,100,100,100,100,100,100,100
100,100,100,100,100,100,100,100,100,100
100,100,100,100,100,100,100,100,100,100
100,100,100,100,100,100,100,100,100,100
100,100,100,100,100,100,100,100,100,100
100,100,100,100,100,100,100,100,100,100
100,100,100,100,100,100,100,100,100,100
100,100,100,100,100,100,100,100,100,100

>-2,-3,999 {
100,100,100,100,100,100,100,100,100,100
100,100,100,100,100,100,100,100,100,100
100,100,100,100,100,100,100,100,100,100
100,100,100,100,100,100,100,100,100,100
100,100,100,100,100,100,100,100,100,100
100,100,100,100,100,100,100,100,100,100
100,100,100,100,100,100,100,100,100,100
100,100,100,100,100,100,100,100,100,100
100,100,100,100,100,100,100,100,100,100
100,100,100,100,100,100,100,100,100,100

>-1,-3,999 {
100,100,100,100,100,100,100,100,100,100
100,100,100,100,100,100,100,100,100,100
100,100,100,100,100,100,100,100,100,100
100,100,100,100,100,100,100,100,100,100
100,100,100,100,100,100,100,100,100,100
100,100,100,100,100,100,100,100,100,100
100,100,100,100,100,100,100,100,100,100
100,100,100,100,100,100,100,100,100,100
100,100,100,100,100,100,100,100,100,100
100,100,100,100,100,100,100,100,100,100

>0,-3,999 {
100,100,100,100,100,100,100,100,100,100
100,100,100,100,100,100,100,100,100,100
100,100,100,100,100,100,100,100,100,100
100,100,100,100,100,100,100,100,100,100
100,100,100,100,100,100,100,100,100,100
100,100,100,100,100,100,100,100,100,100
100,100,100,100,100,100,100,100,100,100
100,100,100,100,100,100,100,100,100,100
100,100,100,100,100,100,100,100,100,100
100,100,100,100,100,100,100,100,100,100

>1,-3,999 {
100,100,100,100,100,100,100,100,100,100
100,100,100,100,100,100,100,100,100,100
100,100,100,100,100,100,100,100,100,100
100,100,100,100,100,100,100,100,100,100
100,100,100,100,100,100,100,100,100,100
100,100,100,100,100,100,100,100,100,100
100,100,100,100,100,100,100,100,100,100
100,100,100,100,100,100,100,100,100,100
100,100,100,100,100,100,100,100,100,100
100,100,100,100,100,100,100,100,100,100

>2,-3,999 {
100,100,100,100,100,100,100,100,100,100
100,100,100,100,100,100,100,100,100,100
100,100,100,100,100,100,100,100,100,100
100,100,100,100,100,100,100,100,100,100
100,100,100,100,100,100,100,100,100,100
100,100,100,100,100,100,100,100,100,100
100,100,100,100,100,100,100,100,100,100
100,100,100,100,100,100,100,100,100,100
100,100,100,100,100,100,100,100,100,100
100,100,100,100,100,100,100,100,100,100

>3,-3,999 {
100,100,100,100,100,100,100,100,100,100
100,100,100,100,100,100,100,100,100,100
100,100,100,100,100,100,100,100,100,100
100,100,100,100,100,100,100,100,100,100
100,100,100,100,100,100,100,100,100,100
100,100,100,100,100,100,100,100,100,100
100,100,100,100,100,100,100,100,100,100
100,100,100,100,100,100,100,100,100,100
100,100,100,100,100,100,100,100,100,100
100,100,100,100,100,100,100,100,100,100

>4,-3,999 {
100,100,100,100,100,100,100,100,100,100
100,100,100,100,100,100,100,100,100,100
100,100,100,100,100,100,100,100,100,100
100,100,100,100,100,100,100,100,100,100
100,100,100,100,100,100,100,100,100,100
100,100,100,100,100,100,100,100,100,100
100,100,100,100,100,100,100,100,100,100
100,100,100,100,100,100,100,100,100,100
100,100,100,100,100,100,100,100,100,100
100,100,100,100,100,100,100,100,100,100

>5,-3,999 {
100,100,100,100,100,100,100,100,100,100
100,100,100,100,100,100,100,100,100,100
100,100,100,100,100,100,100,100,100,100
100,100,100,100,100,100,100,100,100,100
100,100,100,100,100,100,100,100,100,100
100,100,100,100,100,100,100,100,100,100
100,100,100,100,100,100,100,100,100,100
100,100,100,100,100,100,100,100,100,100
100,100,100,100,100,100,100,100,100,100
100,100,100,100,100,100,100,100,100,100

>-5,-2,999 {
100,100,100,100,100,100,100,100,100,100
100,100,100,100,100,100,100,100,100,100
100,100,100,100,100,100,100,100,100,100
100,100,100,100,100,100,100,100,100,100
100,100,100,100,100,100,100,100,100,100
100,100,100,100,100,100,100,100,100,100
100,100,100,100,100,100,100,100,100,100
100,100,100,100,100,100,100,100,100,100
100,100,100,100,100,100,100,100,100,100
100,100,100,100,100,100,100,100,100,100

>-4,-2,999 {
100,100,100,100,100,100,100,100,100,100
100,100,100,100,100,100,100,100,100,100
100,100,100,100,100,100,100,100,100,100
100,100,100,100,100,100,100,100,100,100
100,100,100,100,100,100,100,100,100,100
100,100,100,100,100,100,100,100,100,100
100,100,100,100,100,100,100,100,100,100
100,100,100,100,100,100,100,100,100,100
100,100,100,100,100,100,100,100,100,100
100,100,100,100,100,100,100,100,100,100

>-3,-2,999 {
100,100,100,100,100,100,100,100,100,100
100,100,100,100,100,100,100,100,100,100
100,100,100,100,100,100,100,100,100,100
100,100,100,100,100,100,100,100,100,100
100,100,100,100,100,100,100,100,100,100
100,100,100,100,100,100,100,100,100,100
100,100,100,100,100,100,100,100,100,100
100,100,100,100,100,100,100,100,100,100
100,100,100,100,100,100,100,100,100,100
100,100,100,100,100,100,100,100,100,100

>-2,-2,999 {
100,100,100,100,100,100,100,100,100,100
100,100,100,100,100,100,100,100,100,100
100,100,100,100,100,100,100,100,100,100
100,100,100,100,100,100,100,100,100,100
100,100,100,100,100,100,100,100,100,100
100,100,100,100,100,100,100,100,100,100
100,100,100,100,100,100,100,100,100,100
100,100,100,100,100,100,100,100,100,100
100,100,100,100,100,100,100,100,100,100
100,100,100,100,100,100,100,100,100,100

>-1,-2,999 {
100,100,100,100,100,100,100,100,100,100
100,100,100,100,100,100,100,100,100,100
100,100,100,100,100,100,100,100,100,100
100,100,100,100,100,100,100,100,100,100
100,100,100,100,100,100,100,100,100,100
100,100,100,100,100,100,100,100,100,100
100,100,100,100,100,100,100,100,100,100
100,100,100,100,100,100,100,100,100,100
100,100,100,100,100,100,100,100,100,100
100,100,100,100,100,100,100,100,100,100

>0,-2,999 {
100,100,100,100,100,100,100,100,100,100
100,100,100,100,100,100,100,100,100,100
100,100,100,100,100,100,100,100,100,100
100,100,100,100,100,100,100,100,100,100
100,100,100,100,100,100,100,100,100,100
100,100,100,100,100,100,100,100,100,100
100,100,100,100,100,100,100,100,100,100
100,100,100,100,100,100,100,100,100,100
100,100,100,100,100,100,100,100,100,100
100,100,100,100,100,100,100,100,100,100

>1,-2,999 {
100,100,100,100,100,100,100,100,100,100
100,100,100,100,100,100,100,100,100,100
100,100,100,100,100,100,100,100,100,100
100,100,100,100,100,100,100,100,100,100
100,100,100,100,100,100,100,100,100,100
100,100,100,100,100,100,100,100,100,100
100,100,100,100,100,100,100,100,100,100
100,100,100,100,100,100,100,100,100,100
100,100,100,100,100,100,100,100,100,100
100,100,100,100,100,100,100,100,100,100

>2,-2,999 {
100,100,100,100,100,100,100,100,100,100
100,100,100,100,100,100,100,100,100,100
100,100,100,100,100,100,100,100,100,100
100,100,100,100,100,100,100,100,100,100
100,100,100,100,100,100,100,100,100,100
100,100,100,100,100,100,100,100,100,100
100,100,100,100,100,100,100,100,100,100
100,100,100,100,100,100,100,100,100,100
100,100,100,100,100,100,100,100,100,100
100,100,100,100,100,100,100,100,100,100

>3,-2,999 {
100,100,100,100,100,100,100,100,100,100
100,100,100,100,100,100,100,100,100,100
100,100,100,100,100,100,100,100,100,100
100,100,100,100,100,100,100,100,100,100
100,100,100,100,100,100,100,100,100,100
100,100,100,100,100,100,100,100,100,100
100,100,100,100,100,100,100,100,100,100
100,100,100,100,100,100,100,100,100,100
100,100,100,100,100,100,100,100,100,100
100,100,100,100,100,100,100,100,100,100

>4,-2,999 {
100,100,100,100,100,100,100,100,100,100
100,100,100,100,100,100,100,100,100,100
100,100,100,100,100,100,100,100,100,100
100,100,100,100,100,100,100,100,100,100
100,100,100,100,100,100,100,100,100,100
100,100,100,100,100,100,100,100,100,100
100,100,100,100,100,100,100,100,100,100
100,100,100,100,100,100,100,100,100,100
100,100,100,100,100,100,100,100,100,100
100,100,100,100,100,100,100,100,100,100

>5,-2,999 {
100,100,100,100,100,100,100,100,100,100
100,100,100,100,100,100,100,100,100,100
100,100,100,100,100,100,100,100,100,100
100,100,100,100,100,100,100,100,100,100
100,100,100,100,100,100,100,100,100,100
100,100,100,100,100,100,100,100,100,100
100,100,100,100,100,100,100,100,100,100
100,100,100,100,100,100,100,100,100,100
100,100,100,100,100,100,100,100,100,100
100,100,100,100,100,100,100,100,100,100

>-5,-1,999 {
100,100,100,100,100,100,100,100,100,100
100,100,100,100,100,100,100,100,100,100
100,100,100,100,100,100,100,100,100,100
100,100,100,100,100,100,100,100,100,100
100,100,100,100,100,100,100,100,100,100
100,100,100,100,100,100,100,100,100,100
100,100,100,100,100,100,100,100,100,100
100,100,100,100,100,100,100,100,100,100
100,100,100,100,100,100,100,100,100,100
100,100,100,100,100,100,100,100,100,100

>-4,-1,999 {
100,100,100,100,100,100,100,100,100,100
100,100,100,100,100,100,100,100,100,100
100,100,100,100,100,100,100,100,100,100
100,100,100,100,100,100,100,100,100,100
100,100,100,100,100,100,100,100,100,100
100,100,100,100,100,100,100,100,100,100
100,100,100,100,100,100,100,100,100,100
100,100,100,100,100,100,100,100,100,100
100,100,100,100,100,100,100,100,100,100
100,100,100,100,100,100,100,100,100,100

>-3,-1,999 {
100,100,100,100,100,100,100,100,100,100
100,100,100,100,100,100,100,100,100,100
100,100,100,100,100,100,100,100,100,100
100,100,100,100,100,100,100,100,100,100
100,100,100,100,100,100,100,100,100,100
100,100,100,100,100,100,100,100,100,100
100,100,100,100,100,100,100,100,100,100
100,100,100,100,100,100,100,100,100,100
100,100,100,100,100,100,100,100,100,100
100,100,100,100,100,100,100,100,100,100

>-2,-1,999 {
100,100,100,100,100,100,100,100,100,100
100,100,100,100,100,100,100,100,100,100
100,100,100,100,100,100,100,100,100,100
100,100,100,100,100,100,100,100,100,100
100,100,100,100,100,100,100,100,100,100
100,100,100,100,100,100,100,100,100,100
100,100,100,100,100,100,100,100,100,100
100,100,100,100,100,100,100,100,100,100
100,100,100,100,100,100,100,100,100,100
100,100,100,100,100,100,100,100,100,100

>-1,-1,999 {
100,100,100,100,100,100,100,100,100,100
100,100,100,100,100,100,100,100,100,100
100,100,100,100,100,100,100,100,100,100
100,100,100,100,100,100,100,100,100,100
100,100,100,100,100,100,100,100,100,100
100,100,100,100,100,100,100,100,100,100
100,100,100,100,100,100,100,100,100,100
100,100,100,100,100,100,100,100,100,100
100,100,100,100,100,100,100,100,100,100
100,100,100,100,100,100,100,100,100,100

>0,-1,999 {
100,100,100,100,100,100,100,100,100,100
100,100,100,100,100,100,100,100,100,100
100,100,100,100,100,100,100,100,100,100
100,100,100,100,100,100,100,100,100,100
100,100,100,100,100,100,100,100,100,100
100,100,100,100,100,100,100,100,100,100
100,100,100,100,100,100,100,100,100,100
100,100,100,100,100,100,100,100,100,100
100,100,100,100,100,100,100,100,100,100
100,100,100,100,100,100,100,100,100,100

>1,-1,999 {
100,100,100,100,100,100,100,100,100,100
100,100,100,100,100,100,100,100,100,100
100,100,100,100,100,100,100,100,100,100
100,100,100,100,100,100,100,100,100,100
100,100,100,100,100,100,100,100,100,100
100,100,100,100,100,100,100,100,100,100
100,100,100,100,100,100,100,100,100,100
100,100,100,100,100,100,100,100,100,100
100,100,100,100,100,100,100,100,100,100
100,100,100,100,100,100,100,100,100,100

>2,-1,999 {
100,100,100,100,100,100,100,100,100,100
100,100,100,100,100,100,100,100,100,100
100,100,100,100,100,100,100,100,100,100
100,100,100,100,100,100,100,100,100,100
100,100,100,100,100,100,100,100,100,100
100,100,100,100,100,100,100,100,100,100
100,100,100,100,100,100,100,100,100,100
100,100,100,100,100,100,100,100,100,100
100,100,100,100,100,100,100,100,100,100
100,100,100,100,100,100,100,100,100,100

>3,-1,999 {
100,100,100,100,100,100,100,100,100,100
100,100,100,100,100,100,100,100,100,100
100,100,100,100,100,100,100,100,100,100
100,100,100,100,100,100,100,100,100,100
100,100,100,100,100,100,100,100,100,100
100,100,100,100,100,100,100,100,100,100
100,100,100,100,100,100,100,100,100,100
100,100,100,100,100,100,100,100,100,100
100,100,100,100,100,100,100,100,100,100
100,100,100,100,100,100,100,100,100,100

>4,-1,999 {
100,100,100,100,100,100,100,100,100,100
100,100,100,100,100,100,100,100,100,100
100,100,100,100,100,100,100,100,100,100
100,100,100,100,100,100,100,100,100,100
100,100,100,100,100,100,100,100,100,100
100,100,100,100,100,100,100,100,100,100
100,100,100,100,100,100,100,100,100,100
100,100,100,100,100,100,100,100,100,100
100,100,100,100,100,100,100,100,100,100
100,100,100,100,100,100,100,100,100,100

>5,-1,999 {
100,100,100,100,100,100,100,100,100,100
100,100,100,100,100,100,100,100,100,100
100,100,100,100,100,100,100,100,100,100
100,100,100,100,100,100,100,100,100,100
100,100,100,100,100,100,100,100,100,100
100,100,100,100,100,100,100,100,100,100
100,100,100,100,100,100,100,100,100,100
100,100,100,100,100,100,100,100,100,100
100,100,100,100,100,100,100,100,100,100
100,100,100,100,100,100,100,100,100,100

>-5,0,106 {
100,100,100,100,100,100,100,100,100,100
100,100,100,100,100,100,100,100,100,100
100,100,100,100,100,100,117,117,117,117
117,117,117,117,117,117,117,117,117,117
117,117,117,117,117,117,117,117,117,117
117,117,117,117,117,117,117,117,117,117
117,117,117,117,117,117,117,117,117,117
117,117,117,117,117,117,117,117,117,117
117,118,118,117,118,118,118,118,118,117
118,112,112,118,112,112,112,112,112,118

>-4,0,106 {
100,100,100,100,100,100,100,100,100,100
100,100,100,100,100,100,100,100,100,100
100,100,100,100,100,100,117,117,117,117
117,117,117,117,117,117,117,117,117,117
117,117,117,117,117,117,117,117,117,117
117,117,117,117,117,117,117,117,117,117
117,117,117,117,117,117,117,117,117,117
117,117,117,117,117,117,117,117,117,117
117,117,117,117,117,117,118,118,118,118
118,118,118,118,118,118,112,112,112,112

>-3,0,106 {
100,100,100,100,100,100,100,100,100,100
100,100,100,100,100,100,100,100,100,100
100,100,100,100,100,100,100,100,100,100
117,117,117,117,117,117,117,117,117,117
117,117,117,117,117,117,117,117,117,117
117,117,117,117,117,117,117,117,117,117
117,117,117,117,117,117,117,117,117,117
117,117,117,117,117,117,117,117,117,117
118,117,117,117,118,118,117,118,117,118
112,118,118,118,112,112,118,112,118,112

>1,0,106 {
100,100,100,100,100,100,100,100,100,100
100,100,100,100,100,100,100,100,100,100
100,100,100,100,100,100,117,117,117,117
117,117,117,117,117,117,117,117,117,117
117,117,117,117,117,117,117,117,117,117
117,117,117,117,117,117,117,117,117,117
117,117,117,117,117,117,117,117,117,117
117,117,117,117,117,117,117,117,117,117
117,118,117,117,117,117,117,118,117,117
118,112,118,118,118,118,118,112,118,118

>2,0,106 {
100,100,100,100,100,100,100,100,100,100
100,100,100,100,100,100,100,100,100,100
100,100,100,100,100,100,117,117,117,117
117,117,117,117,117,117,117,117,117,117
117,117,117,117,117,117,117,117,117,117
117,117,117,117,117,117,117,117,117,117
117,117,117,117,117,117,117,117,117,117
117,117,117,117,117,117,117,117,117,117
118,117,118,118,118,118,117,118,117,118
112,118,112,112,112,112,118,112,118,112

>3,0,106 {
100,100,100,100,100,100,100,100,100,100
100,100,100,100,100,100,100,100,100,100
100,100,100,100,100,100,117,117,117,117
117,117,117,117,117,117,117,117,117,117
117,117,117,117,117,117,117,117,117,117
117,117,117,117,117,117,117,117,117,117
117,117,117,117,117,117,117,117,117,117
117,117,117,117,117,117,117,117,117,117
118,118,118,118,118,118,117,117,117,117
112,112,112,112,112,112,118,118,118,118

>4,0,105 {
100,100,100,100,100,100,100,100,100,100
100,100,100,100,100,100,100,100,100,100
100,100,100,100,100,100,107,107,107,107
107,107,107,107,107,107,102,102,102,102
102,102,102,102,102,102,102,102,102,102
102,102,102,102,102,102,102,102,102,102
102,102,102,102,102,102,102,102,102,102
102,102,102,102,102,102,102,102,102,102
102,102,102,102,102,102,102,102,102,102
102,112,112,102,102,102,112,112,112,102

>5,0,105 {
100,100,100,100,100,100,100,100,100,100
100,100,100,100,100,100,100,100,100,100
100,100,100,100,100,100,107,107,107,107
107,107,107,107,107,107,102,102,102,102
102,102,102,102,102,102,102,102,102,102
102,102,102,102,102,102,102,102,102,102
102,102,102,102,102,102,102,102,102,102
102,102,102,102,102,102,102,102,102,102
102,102,102,102,102,102,102,102,102,102
102,112,102,112,102,112,102,112,112,102

>-5,1,300 {
112,112,112,112,112,112,112,112,112,112
112,112,112,112,112,112,112,112,112,112
112,112,112,112,112,112,112,112,112,112
112,112,112,112,112,112,112,112,112,112
112,112,112,112,112,112,112,112,112,112
112,112,112,112,112,112,112,112,112,112
112,112,112,112,112,112,112,112,112,112
112,112,112,112,112,112,112,112,112,112
112,112,112,112,112,112,112,112,112,112
112,112,112,112,112,112,112,112,112,112

>-4,1,300 {
112,112,112,112,112,112,112,112,112,112
112,112,112,112,112,112,112,112,112,112
114,112,114,112,112,112,112,112,112,112
112,114,114,112,112,112,112,112,112,112
114,114,114,112,112,112,112,112,112,112
112,112,112,112,112,112,112,112,112,112
102,102,112,112,112,112,112,112,112,112
102,112,112,112,112,112,112,112,112,112
102,102,112,112,112,112,112,112,112,112
112,112,112,112,112,112,112,112,112,112

>-1,1,300 {
112,112,112,112,112,112,112,112,112,112
112,112,112,112,112,112,112,112,112,112
112,112,112,112,112,112,112,112,112,112
112,112,112,112,112,112,112,112,112,112
112,112,112,112,112,112,112,112,112,112
112,112,112,112,112,112,112,112,112,112
112,112,112,112,112,112,112,112,112,112
112,112,112,112,112,112,112,112,112,112
112,112,112,112,112,112,112,112,112,112
112,112,112,112,112,112,112,112,112,112

>0,1,300 {
112,112,112,112,112,112,112,112,112,112
112,112,112,112,112,112,112,112,112,112
112,112,112,112,112,112,112,112,112,112
112,112,112,112,112,112,112,112,112,112
112,112,112,112,112,112,112,112,112,112
112,112,112,112,112,112,112,112,112,112
112,112,112,112,112,112,112,112,112,112
112,112,112,112,112,112,112,112,112,112
112,112,112,112,112,112,112,112,112,112
112,112,112,112,112,112,112,112,112,112

>1,1,300 {
112,112,112,112,112,112,112,112,112,112
112,112,112,112,112,112,112,112,112,112
112,112,112,112,112,112,112,112,112,112
112,112,112,112,112,112,112,112,112,112
112,112,112,112,112,112,112,112,112,112
112,112,112,112,112,112,112,112,112,112
112,112,112,112,112,112,112,112,112,112
112,112,112,112,112,112,112,112,112,112
112,112,112,112,112,112,112,112,112,112
112,112,112,112,112,112,112,112,112,112

>2,1,300 {
112,112,112,112,112,112,112,112,112,112
112,112,112,112,112,112,112,112,112,112
112,112,112,112,112,112,112,112,112,112
112,112,112,112,112,112,112,112,112,112
112,112,112,112,112,112,112,112,112,112
112,112,112,112,112,112,112,112,112,112
112,112,112,112,112,112,112,112,112,112
112,112,112,112,112,112,112,112,112,112
112,112,112,112,112,112,112,112,112,112
112,112,112,112,112,112,112,112,112,112

>3,1,300 {
112,112,112,112,112,112,112,112,112,112
112,112,112,112,112,112,112,115,112,112
112,112,112,112,112,112,115,115,112,112
112,112,112,112,112,115,112,112,112,112
112,112,112,112,112,112,112,112,112,112
112,112,112,112,112,112,112,112,112,112
112,112,112,112,112,112,112,112,112,112
112,112,112,112,112,112,112,112,112,112
112,112,112,112,112,112,112,112,112,112
112,112,112,112,112,112,112,112,112,112

>4,1,300 {
112,112,112,112,112,112,112,112,112,112
112,112,112,112,112,112,112,112,112,112
112,112,112,112,112,112,112,112,112,112
112,112,112,112,112,112,112,112,112,112
112,112,112,112,112,112,112,112,112,112
112,112,112,112,112,112,112,112,112,112
112,112,112,112,112,112,112,112,112,112
112,112,112,112,112,112,112,112,112,112
112,112,112,112,112,112,112,112,112,112
112,112,112,112,112,112,112,112,112,112

>5,1,300 {
112,112,112,112,112,112,112,112,112,112
112,112,112,112,112,112,112,112,112,112
112,112,112,112,112,112,112,112,112,112
112,112,112,112,112,112,112,112,112,112
112,112,112,112,112,112,112,112,112,112
112,112,112,112,112,112,112,112,112,112
112,112,112,112,112,112,112,112,112,112
112,112,112,112,112,112,112,112,112,112
112,112,112,112,112,112,112,112,112,112
112,112,112,112,112,112,112,112,112,112

>-5,2,300 {
112,112,112,112,112,112,112,112,112,112
112,112,112,112,112,112,112,112,112,112
112,112,112,112,112,112,112,112,112,112
112,112,112,112,112,112,112,112,112,112
112,112,112,112,112,112,112,112,112,112
112,112,112,112,112,112,112,112,112,112
112,112,112,112,112,112,112,112,112,112
112,112,112,112,112,112,112,112,112,112
112,112,112,112,112,112,112,112,112,112
112,112,112,112,112,112,112,112,112,112

>-4,2,300 {
112,112,112,112,112,112,112,112,112,112
112,112,112,112,112,112,112,112,112,112
112,112,112,112,112,112,112,112,112,112
112,112,112,112,112,112,112,112,112,112
112,112,112,112,112,112,112,112,112,112
112,112,112,112,112,112,112,112,112,112
112,112,112,112,112,112,112,112,112,112
112,112,112,112,112,112,112,112,112,112
112,112,112,112,112,112,112,112,112,112
112,112,112,112,112,112,112,112,112,112

>-3,2,300 {
112,112,112,112,112,112,112,112,112,112
112,112,112,112,112,112,112,112,112,112
112,112,112,112,112,112,112,112,112,112
112,112,112,112,112,112,112,112,112,112
112,112,112,112,112,112,112,112,112,112
112,112,112,112,112,112,112,112,112,112
112,112,112,112,112,112,112,112,112,112
112,112,112,112,112,112,112,112,112,112
112,112,112,112,112,112,112,112,112,112
112,112,112,112,112,112,112,112,112,112

>-2,2,300 {
112,112,112,112,112,112,112,112,112,112
112,112,112,112,112,112,112,112,102,112
112,112,112,112,112,112,112,102,102,102
112,112,112,112,112,112,112,102,102,102
112,112,112,112,112,112,112,112,112,112
112,112,112,112,112,112,112,112,112,112
112,112,112,112,112,112,112,112,112,112
112,112,112,112,112,112,112,112,112,112
112,112,112,112,112,112,114,114,114,112
112,112,112,112,112,112,114,114,114,112

>-1,2,300 {
112,112,112,112,112,112,112,112,112,112
112,112,112,112,112,112,112,112,112,112
112,112,112,112,112,112,112,112,112,112
112,112,112,112,112,112,112,112,112,112
112,112,112,112,112,112,112,112,112,112
112,112,112,112,112,112,112,112,112,112
112,112,112,112,112,112,112,112,112,112
112,112,112,112,112,112,112,112,112,112
112,112,112,112,112,112,112,112,112,112
112,112,112,112,112,112,112,112,112,112

>0,2,300 {
112,112,112,112,112,112,112,112,112,112
112,112,112,112,112,112,112,112,112,112
112,112,112,112,112,112,112,112,112,112
112,112,112,112,112,112,112,112,112,112
112,112,112,112,112,112,112,112,112,112
112,112,112,112,112,112,112,112,112,112
112,112,112,112,112,112,112,112,112,112
112,112,112,112,112,112,112,112,112,112
112,112,112,112,112,112,112,112,112,112
112,112,112,112,112,112,112,112,112,112

>1,2,300 {
112,112,112,112,112,112,112,112,112,112
112,112,112,112,112,112,112,112,112,112
112,112,112,112,112,112,112,112,112,112
112,112,112,112,112,112,112,112,112,112
112,112,112,112,112,112,112,112,112,112
112,112,112,112,112,112,112,112,112,112
112,112,112,112,112,112,112,112,112,112
112,112,112,112,112,112,112,112,112,112
112,112,112,112,112,112,112,112,112,112
112,112,112,112,112,112,112,112,112,112

>2,2,300 {
112,112,112,112,112,112,112,112,112,112
112,112,112,112,112,112,112,112,112,112
112,112,112,112,112,112,112,112,112,112
112,112,112,112,112,112,112,112,112,112
112,112,112,112,112,112,112,112,112,112
112,112,112,112,112,112,112,112,112,112
112,112,112,112,112,112,112,112,112,112
112,112,112,112,112,112,112,112,112,112
112,112,112,112,112,112,112,112,112,112
112,112,112,112,112,112,112,112,112,112

>3,2,300 {
112,112,112,112,112,112,112,112,112,112
112,112,112,112,112,112,112,112,112,112
112,112,112,112,112,112,112,112,112,112
112,112,112,112,112,112,112,112,112,112
114,114,112,112,112,112,112,112,112,112
114,114,114,112,112,112,112,112,112,112
114,114,114,112,112,112,112,112,112,112
102,112,112,112,112,112,112,112,112,112
102,112,112,112,112,112,112,112,112,112
112,112,112,112,112,112,112,112,112,112

>4,2,300 {
112,112,112,112,112,112,112,112,112,112
112,112,112,112,112,112,112,112,112,112
112,112,112,112,112,112,112,112,112,112
112,112,112,112,112,112,112,112,112,112
112,112,112,112,112,112,112,112,112,112
112,112,112,112,112,112,112,112,112,112
112,112,112,112,112,112,112,112,112,112
112,112,112,112,112,112,112,112,112,112
112,112,112,112,112,112,112,112,112,112
112,112,112,112,112,112,112,112,112,112

>5,2,300 {
112,112,112,112,112,112,112,112,112,112
112,112,112,112,112,112,112,112,112,112
112,112,112,112,112,112,112,112,112,112
112,112,112,112,112,112,112,112,112,112
112,112,112,112,112,112,112,112,112,112
112,112,112,112,112,112,112,112,112,112
112,112,112,112,112,112,112,112,112,112
112,112,112,112,112,112,112,112,112,112
112,112,112,112,112,112,112,112,112,112
112,112,112,112,112,112,112,112,112,112

>-5,3,300 {
112,112,112,112,112,112,112,112,112,112
112,112,112,112,112,112,112,112,112,112
112,112,112,112,112,112,112,112,112,112
112,112,112,112,112,112,112,112,112,112
112,112,112,112,112,112,112,112,112,112
112,112,112,112,112,112,112,112,112,112
112,112,112,112,112,112,112,112,112,112
112,112,112,112,112,112,112,112,112,112
112,112,112,112,112,112,112,112,112,112
112,112,112,112,112,112,112,112,112,112

>-4,3,300 {
112,112,112,112,112,112,112,112,112,112
112,112,112,112,112,112,112,112,112,112
112,112,112,112,112,112,112,112,112,112
112,112,112,112,112,112,112,112,112,112
112,112,112,112,112,112,112,112,112,112
112,112,112,112,112,112,112,112,112,112
112,112,112,112,112,112,112,112,112,112
112,112,112,112,112,112,112,112,112,112
112,112,112,112,112,112,112,112,112,112
112,112,112,112,112,112,112,112,112,112

>-3,3,300 {
112,112,112,112,112,112,112,112,112,112
112,112,112,112,115,115,112,112,112,112
112,112,112,112,112,115,112,112,112,112
112,112,112,112,112,112,112,112,112,112
112,112,112,112,112,112,112,112,112,112
112,112,112,112,112,112,112,112,112,112
112,112,112,112,112,112,112,112,112,112
112,112,112,112,112,112,112,112,112,112
112,112,112,112,112,112,112,112,112,112
112,112,112,112,112,112,112,112,112,112

>-2,3,300 {
112,112,112,112,112,112,112,112,112,112
112,112,112,112,112,112,112,112,112,112
112,112,112,112,112,112,112,112,112,112
112,112,112,112,112,112,112,112,112,112
112,112,112,112,112,112,112,112,112,112
112,112,112,112,112,112,112,112,112,112
112,112,112,112,112,112,112,112,112,112
112,112,112,112,112,112,112,112,112,112
112,112,112,112,112,112,112,112,112,112
112,112,112,112,112,112,112,112,112,112

>-1,3,300 {
112,112,112,112,112,112,112,112,112,112
112,112,112,112,112,112,112,112,112,112
112,112,112,112,112,112,112,112,112,112
112,112,112,112,112,112,112,112,112,112
112,112,112,112,112,112,112,112,112,112
112,112,112,112,112,112,112,112,112,112
112,112,112,112,112,112,112,112,112,112
112,112,112,112,112,112,112,112,112,112
112,112,112,112,112,112,112,112,112,112
112,112,112,112,112,112,112,112,112,112

>0,3,300 {
112,112,112,112,112,112,112,112,112,112
112,112,112,112,112,112,112,112,112,112
112,112,112,112,112,112,112,112,112,112
112,112,112,112,112,112,112,112,112,112
112,112,112,112,112,112,112,112,112,112
112,112,112,112,112,112,112,112,112,112
112,112,112,112,112,112,112,112,112,112
112,112,112,112,112,112,112,112,112,112
112,112,112,112,112,112,112,112,112,112
112,112,112,112,112,112,112,112,112,112

>1,3,300 {
112,112,112,112,112,112,112,112,112,112
112,112,112,112,112,112,112,112,112,112
112,112,112,112,112,112,112,112,112,112
112,112,112,112,112,112,112,112,112,112
112,112,112,112,112,112,112,112,112,112
112,112,112,112,112,112,112,112,112,112
112,112,112,112,112,112,112,112,112,112
112,112,112,112,112,112,112,112,112,112
112,112,112,112,112,112,112,112,112,115
112,112,112,112,112,112,112,112,115,115

>2,3,300 {
112,112,112,112,112,112,112,112,112,112
114,114,112,112,112,112,112,112,112,112
114,114,114,112,112,112,112,112,112,112
114,114,114,112,112,102,102,112,112,112
112,112,112,112,112,102,102,102,112,112
112,112,112,112,112,112,112,102,112,112
112,112,112,112,112,112,112,112,112,112
112,112,112,112,112,112,112,112,112,112
112,112,112,112,112,112,112,112,112,112
112,112,112,112,112,112,112,112,112,112

>3,3,300 {
112,112,112,112,112,112,112,112,112,112
112,112,112,112,112,112,112,112,112,112
112,112,112,112,112,112,112,112,112,112
112,112,112,112,112,112,112,112,112,112
112,112,112,112,112,112,112,112,112,112
112,112,112,112,112,112,112,112,112,112
112,112,112,112,112,112,112,112,112,112
112,112,112,112,112,112,112,112,112,112
112,112,112,112,112,112,112,112,112,112
112,112,112,112,112,112,112,112,112,112

>4,3,300 {
112,112,112,112,112,112,112,112,112,112
112,112,112,112,112,112,112,112,112,112
112,112,112,112,112,112,112,112,112,112
112,112,112,112,112,112,112,112,112,112
112,112,112,112,112,112,112,112,112,112
112,112,112,112,112,112,112,112,112,112
112,112,112,112,112,112,112,112,112,112
112,112,112,112,112,112,112,112,112,112
112,112,112,112,112,112,112,112,112,112
112,112,112,112,112,112,112,112,112,112

>5,3,300 {
112,112,112,112,112,112,112,112,112,112
112,112,112,112,112,112,112,112,112,112
112,112,112,112,112,112,112,112,112,112
112,112,112,112,112,112,112,112,112,112
112,112,112,112,112,112,112,112,112,112
112,112,112,112,112,112,112,112,112,112
112,112,112,112,112,112,112,112,112,112
112,112,112,112,112,112,112,112,112,112
112,112,112,112,112,112,112,112,112,112
112,112,112,112,112,112,112,112,112,112

>-5,4,300 {
112,112,112,112,112,112,112,112,112,112
112,112,112,112,112,112,112,112,112,112
112,112,112,112,112,112,112,112,112,112
112,112,112,112,102,102,112,112,112,112
112,112,112,112,102,102,112,112,112,112
112,112,112,112,112,102,102,112,112,112
112,112,112,112,112,112,112,112,114,114
112,112,112,112,112,112,112,112,112,114
112,112,112,112,112,112,112,112,114,114
112,112,112,112,112,112,112,112,112,112

>-4,4,300 {
112,112,112,112,112,112,112,112,112,112
112,112,112,112,112,112,112,112,112,112
112,112,112,112,112,112,112,112,112,112
112,112,112,112,112,112,112,112,112,112
112,112,112,112,112,112,112,112,112,112
112,112,112,112,112,112,112,112,112,112
112,112,112,112,112,112,112,112,112,112
112,112,112,112,112,112,112,112,112,112
112,112,112,112,112,112,112,112,112,112
112,112,112,112,112,112,112,112,112,112

>-3,4,300 {
112,112,112,112,112,112,112,112,112,112
112,112,112,112,112,112,112,112,112,112
112,112,112,112,112,112,112,112,112,112
112,112,112,112,112,112,112,112,112,112
112,112,112,112,112,112,112,112,112,112
112,112,112,112,112,112,112,112,112,112
112,112,112,112,112,112,112,112,112,112
112,112,112,112,112,112,112,112,112,112
112,112,112,112,112,112,112,112,112,112
112,112,112,112,112,112,112,112,112,112

>-2,4,300 {
112,112,112,112,112,112,112,112,112,112
112,112,112,112,112,112,112,112,112,112
112,112,112,112,112,112,112,112,112,112
112,112,112,112,112,112,112,112,112,112
112,112,112,112,112,112,112,112,112,112
112,112,112,112,112,112,112,112,112,112
112,112,112,112,112,112,112,112,112,112
112,112,112,112,112,112,112,112,112,112
112,112,112,112,112,112,112,112,112,112
112,112,112,112,112,112,112,112,112,112

>-1,4,300 {
112,112,112,112,112,112,112,112,112,112
112,112,112,112,112,112,112,112,112,112
112,112,112,112,112,112,112,112,112,112
112,112,112,112,112,112,112,112,112,112
112,112,112,112,112,112,112,112,112,112
112,112,112,112,112,112,112,112,112,112
112,112,112,112,112,112,112,112,112,112
112,112,112,112,112,112,112,112,112,112
114,114,112,112,112,112,112,112,102,102
114,114,112,112,112,112,112,112,102,102

>0,4,300 {
112,112,112,112,112,112,112,112,112,112
112,112,112,112,112,112,112,112,112,112
112,112,112,112,112,112,112,112,112,112
112,112,112,112,112,112,112,112,112,112
112,112,112,112,112,112,112,112,112,112
112,112,112,112,112,112,112,112,112,112
112,112,112,112,112,112,112,112,112,112
112,112,112,112,112,112,112,112,112,112
112,112,112,112,112,112,112,112,112,112
112,112,112,112,112,112,112,112,112,112

>1,4,300 {
112,112,112,112,112,112,112,112,112,112
112,112,112,112,112,112,112,112,112,112
112,112,112,112,112,112,112,112,112,112
112,112,112,112,112,112,112,112,112,112
112,112,112,112,112,112,112,112,112,112
112,112,112,112,112,112,112,112,112,112
112,112,112,112,112,112,112,112,112,112
112,112,112,112,112,112,112,112,112,112
112,112,112,112,112,112,112,112,112,112
112,112,112,112,112,112,112,112,112,112

>2,4,300 {
112,112,112,112,112,112,112,112,112,112
112,112,112,112,112,112,112,112,112,112
112,112,112,112,112,112,112,112,112,112
112,112,112,112,112,112,112,112,112,112
112,112,112,112,112,112,112,112,112,112
112,112,112,112,112,112,112,112,112,112
112,112,112,112,112,112,112,112,112,112
112,112,112,112,112,112,112,112,112,112
112,112,112,112,112,112,112,112,112,112
112,112,112,112,112,112,112,112,112,112

>3,4,300 {
112,112,112,112,112,112,112,112,112,112
112,112,112,112,112,112,112,112,112,112
112,112,112,112,112,112,112,112,112,112
112,112,112,112,112,112,112,112,112,112
112,112,112,112,112,112,112,112,112,112
112,112,112,112,112,112,112,112,112,112
112,112,112,112,112,112,112,112,112,112
112,112,112,112,112,112,112,112,112,112
112,112,112,112,112,112,112,112,112,112
112,112,112,112,112,112,112,112,112,112

>4,4,300 {
112,112,112,112,112,112,112,112,112,112
112,112,112,112,112,112,112,112,112,112
112,112,112,112,112,112,112,112,112,112
112,112,112,112,112,112,112,112,112,112
112,112,112,112,112,112,112,112,112,112
112,112,112,112,112,112,112,112,112,112
112,112,112,112,112,112,112,112,112,112
112,112,112,112,112,112,112,112,112,112
112,112,112,112,112,112,112,112,112,112
112,112,112,112,112,112,112,112,112,112

>5,4,300 {
112,112,112,112,112,112,112,112,112,112
112,112,112,112,112,112,112,112,112,112
112,112,112,112,112,112,112,112,112,112
112,112,112,112,112,112,112,112,112,112
112,112,112,112,112,112,112,112,112,112
112,112,112,112,112,112,112,112,112,112
112,112,112,112,112,112,112,112,112,112
112,112,112,112,112,112,112,112,112,112
112,112,112,112,112,112,112,112,112,112
112,112,112,112,112,112,112,112,112,112

>-5,5,300 {
112,112,112,112,112,112,112,112,112,112
112,112,112,112,112,112,112,112,112,112
112,112,112,112,112,112,112,112,112,112
112,112,112,112,112,112,112,112,112,112
112,112,112,112,112,112,112,112,112,112
112,112,112,112,112,112,112,112,112,112
112,112,112,112,112,112,112,112,112,112
112,112,112,112,112,112,112,112,112,112
112,112,112,112,112,112,112,112,112,112
112,112,112,112,112,112,112,112,112,112

>-4,5,300 {
112,112,112,112,112,112,112,112,112,112
112,112,112,112,112,112,112,112,112,114
112,112,112,112,112,112,112,112,114,114
112,112,112,112,112,112,112,112,114,114
112,102,102,112,112,112,112,112,112,112
112,102,102,112,112,112,112,112,112,112
112,102,102,102,112,112,112,112,112,112
112,112,112,112,112,112,112,112,112,112
112,112,112,112,112,112,112,112,112,112
112,112,112,112,112,112,112,112,112,112

>-3,5,300 {
112,112,112,112,112,112,112,112,112,112
112,112,112,112,112,112,112,112,112,112
112,112,112,112,112,112,112,112,112,112
112,112,112,112,112,112,112,112,112,112
112,112,112,112,112,112,112,112,112,112
112,112,112,112,112,112,112,112,112,112
112,112,112,112,112,112,112,112,112,112
112,112,112,112,112,112,112,112,112,112
112,112,112,112,112,112,112,112,112,112
112,112,112,112,112,112,112,112,112,112

>-2,5,300 {
112,112,112,112,112,112,112,112,112,112
112,112,112,112,112,112,112,112,112,112
112,112,112,112,112,112,112,112,112,112
112,112,112,112,112,112,112,112,112,112
112,112,112,112,112,112,112,112,112,112
112,112,112,112,112,112,112,112,112,112
112,112,112,112,112,112,112,112,112,112
112,112,112,112,112,112,112,112,112,112
112,112,112,112,112,112,112,112,112,112
112,112,112,112,112,112,112,112,112,112

>-1,5,300 {
112,112,112,112,112,112,112,112,112,112
112,112,112,112,112,112,112,112,112,112
112,112,112,112,112,112,112,112,112,112
112,112,112,112,112,112,112,112,112,112
112,112,112,112,112,112,112,112,112,112
112,112,112,112,112,112,112,112,112,112
112,112,112,112,112,112,112,112,112,112
112,112,112,112,112,112,112,112,112,112
112,112,112,112,112,112,112,112,112,112
112,112,112,112,112,112,112,112,112,112

>0,5,300 {
112,112,112,112,112,112,112,112,112,112
112,112,112,112,112,112,112,112,112,112
112,112,112,112,112,112,112,112,112,112
112,112,112,112,112,112,112,112,112,112
112,112,112,112,112,112,112,112,112,112
112,112,112,112,112,112,112,112,112,112
112,112,112,112,112,112,112,112,112,112
112,112,112,112,112,112,112,112,112,112
112,112,112,112,112,112,112,112,112,112
112,112,112,112,112,112,112,112,112,112

>1,5,300 {
112,112,112,112,112,112,112,112,112,112
112,112,112,112,112,112,112,112,112,112
112,112,112,112,112,112,112,112,112,112
112,112,112,112,112,112,112,112,112,112
112,112,112,112,112,112,112,112,112,112
112,112,112,112,112,112,112,112,112,112
112,112,112,112,112,112,112,112,112,112
112,112,112,112,112,112,112,112,112,112
112,112,112,112,112,112,112,112,112,112
112,112,112,112,112,112,112,112,112,112

>2,5,300 {
112,112,112,112,112,112,112,112,112,112
112,112,112,112,112,112,112,112,112,112
112,112,112,112,112,112,112,112,112,112
112,112,112,112,112,112,112,112,112,112
112,112,112,112,112,112,112,112,112,112
112,112,112,112,112,112,112,112,112,112
112,112,112,112,112,112,112,112,112,112
112,112,112,112,112,112,112,112,112,112
112,112,112,112,112,112,112,112,112,112
112,112,112,112,112,112,112,112,112,112

>3,5,300 {
112,112,112,112,112,112,112,112,112,112
112,112,112,112,112,112,112,112,112,112
112,112,112,112,112,112,112,112,112,112
112,112,112,112,112,112,112,112,112,112
112,112,112,112,112,112,112,112,112,112
112,112,112,112,112,112,112,112,112,112
112,112,112,112,112,112,112,112,112,112
112,112,112,112,112,112,112,112,112,112
112,112,112,112,112,112,112,112,112,112
112,112,112,112,112,112,112,112,112,112

>4,5,300 {
112,112,112,112,112,112,112,112,112,112
112,112,112,112,112,112,112,112,112,112
112,112,112,112,112,112,112,112,112,112
112,112,112,112,112,112,112,112,112,112
112,112,112,112,112,112,112,112,112,112
112,112,112,112,112,112,112,112,112,112
112,112,112,112,112,112,112,112,112,112
112,112,112,112,112,112,112,112,112,112
112,112,112,112,112,112,112,112,112,112
112,112,112,112,112,112,112,112,112,112

>5,5,300 {
112,112,112,112,112,112,112,112,112,112
112,112,112,112,112,112,112,112,112,112
112,112,112,112,112,112,112,112,112,112
112,112,112,112,112,112,112,112,112,112
112,112,112,112,112,112,112,112,112,112
112,112,112,112,112,112,112,112,112,112
112,112,112,112,112,112,112,112,112,112
112,112,112,112,112,112,112,112,112,112
112,112,112,112,112,112,112,112,112,112
112,112,112,112,112,112,112,112,112,112

>-6,-5,999 {
100,100,100,100,100,100,100,100,100,100
100,100,100,100,100,100,100,100,100,100
100,100,100,100,100,100,100,100,100,100
100,100,100,100,100,100,100,100,100,100
100,100,100,100,100,100,100,100,100,100
100,100,100,100,100,100,100,100,100,100
100,100,100,100,100,100,100,100,100,100
100,100,100,100,100,100,100,100,100,100
100,100,100,100,100,100,100,100,100,100
100,100,100,100,100,100,100,100,100,100

>-6,-4,999 {
100,100,100,100,100,100,100,100,100,100
100,100,100,100,100,100,100,100,100,100
100,100,100,100,100,100,100,100,100,100
100,100,100,100,100,100,100,100,100,100
100,100,100,100,100,100,100,100,100,100
100,100,100,100,100,100,100,100,100,100
100,100,100,100,100,100,100,100,100,100
100,100,100,100,100,100,100,100,100,100
100,100,100,100,100,100,100,100,100,100
100,100,100,100,100,100,100,100,100,100

>-6,-3,999 {
100,100,100,100,100,100,100,100,100,100
100,100,100,100,100,100,100,100,100,100
100,100,100,100,100,100,100,100,100,100
100,100,100,100,100,100,100,100,100,100
100,100,100,100,100,100,100,100,100,100
100,100,100,100,100,100,100,100,100,100
100,100,100,100,100,100,100,100,100,100
100,100,100,100,100,100,100,100,100,100
100,100,100,100,100,100,100,100,100,100
100,100,100,100,100,100,100,100,100,100

>-6,-2,999 {
100,100,100,100,100,100,100,100,100,100
100,100,100,100,100,100,100,100,100,100
100,100,100,100,100,100,100,100,100,100
100,100,100,100,100,100,100,100,100,100
100,100,100,100,100,100,100,100,100,100
100,100,100,100,100,100,100,100,100,100
100,100,100,100,100,100,100,100,100,100
100,100,100,100,100,100,100,100,100,100
100,100,100,100,100,100,100,100,100,100
100,100,100,100,100,100,100,100,100,100

>-6,-1,999 {
100,100,100,100,100,100,100,100,100,100
100,100,100,100,100,100,100,100,100,100
100,100,100,100,100,100,100,100,100,100
100,100,100,100,100,100,100,100,100,100
100,100,100,100,100,100,100,100,100,100
100,100,100,100,100,100,100,100,100,100
100,100,100,100,100,100,100,100,100,100
100,100,100,100,100,100,100,100,100,100
100,100,100,100,100,100,100,100,100,100
100,100,100,100,100,100,100,100,100,100

>-6,0,106 {
100,100,100,100,100,100,100,100,100,100
100,100,100,100,100,100,100,100,100,100
100,100,100,100,100,100,117,117,117,117
117,117,117,117,117,117,117,117,117,117
117,117,117,117,117,117,117,117,117,117
117,117,117,117,117,117,117,117,117,117
117,117,117,117,117,117,117,117,117,117
117,117,117,117,117,117,117,117,117,117
117,118,118,118,118,118,117,118,118,117
118,112,112,112,112,112,118,112,112,118

>-6,1,300 {
112,112,112,112,112,112,112,112,112,112
112,112,112,112,112,112,112,112,112,112
112,112,112,112,112,112,112,112,112,112
112,112,112,112,112,112,112,112,112,112
112,112,112,112,112,112,112,112,112,112
112,112,112,112,112,112,112,112,112,112
112,112,112,112,112,112,112,112,112,112
112,112,112,112,112,112,112,112,112,112
112,112,112,112,112,112,112,112,112,112
112,112,112,112,112,112,112,112,112,112

>-6,2,300 {
112,112,112,112,112,112,112,112,112,112
112,112,112,112,112,112,112,112,112,112
112,112,112,112,112,112,112,112,112,112
112,112,112,112,112,112,112,112,112,112
112,112,112,112,112,112,112,112,112,112
112,112,112,112,112,112,112,112,112,112
112,112,112,112,112,112,112,112,112,112
112,112,112,112,112,112,112,112,112,112
112,112,112,112,112,112,112,112,112,112
112,112,112,112,112,112,112,112,112,112

>-6,3,300 {
112,112,112,112,112,112,112,112,112,112
112,112,112,112,112,112,112,112,112,112
112,112,112,112,112,112,112,112,112,112
112,112,112,112,112,112,112,112,112,112
112,112,112,112,112,112,112,112,112,112
112,112,112,112,112,112,112,112,112,112
112,112,112,112,112,112,112,112,112,112
112,112,112,112,112,112,112,112,112,112
112,112,112,112,112,112,112,112,112,112
112,112,112,112,112,112,112,112,112,112

>-6,4,300 {
112,112,112,112,112,112,112,112,112,112
112,112,112,112,112,112,112,112,112,112
112,112,112,112,112,112,112,112,112,112
112,112,112,112,112,112,112,112,112,112
112,112,112,112,112,112,112,112,112,112
112,112,112,112,112,112,112,112,112,112
112,112,112,112,112,112,112,112,112,112
112,112,112,112,112,112,112,112,112,112
112,112,112,112,112,112,112,112,112,112
112,112,112,112,112,112,112,112,112,112

>-6,5,300 {
112,112,112,112,112,112,112,112,112,112
112,112,112,112,112,112,112,112,112,112
112,112,112,112,112,112,112,112,112,112
112,112,112,112,112,112,112,112,112,112
112,112,112,112,112,112,112,112,112,112
112,112,112,112,112,112,112,112,112,112
112,112,112,112,112,112,112,112,112,112
112,112,112,112,112,112,112,112,112,112
112,112,112,112,112,112,112,112,112,112
112,112,112,112,112,112,112,112,112,112

>-6,6,300 {
112,112,112,112,102,102,112,112,112,112
112,112,112,114,114,114,112,112,112,112
112,112,112,114,114,114,112,112,112,112
112,112,112,114,114,112,112,112,112,112
112,112,112,112,112,112,112,112,112,112
112,112,112,112,112,112,112,112,112,112
112,112,112,112,112,112,112,112,112,112
112,112,112,112,112,112,112,112,112,112
112,112,112,112,112,112,112,112,112,112
112,112,112,112,112,112,112,112,112,112

>-5,6,300 {
112,112,112,112,112,112,112,112,112,112
112,112,112,112,112,112,112,112,112,112
112,112,112,112,112,112,112,112,112,112
112,112,112,112,112,112,112,112,112,112
112,112,112,112,112,112,112,112,112,112
112,112,112,112,112,112,112,112,112,112
112,112,112,112,112,112,112,112,112,112
112,112,112,112,112,112,112,112,112,112
112,112,112,112,112,112,112,112,112,112
112,112,112,112,112,112,112,112,112,112

>-4,6,300 {
112,112,112,112,112,112,112,112,112,112
112,112,112,112,112,112,112,112,112,112
112,112,112,112,112,112,112,112,112,112
112,112,112,112,112,112,112,112,112,112
112,112,112,112,112,112,112,112,112,112
112,112,112,112,112,112,112,112,112,112
112,112,112,112,112,112,112,112,112,112
112,112,112,112,112,112,112,112,112,112
112,112,112,112,112,112,112,112,112,112
112,112,112,112,112,112,112,112,112,112

>-3,6,300 {
112,112,112,112,112,112,112,112,112,112
112,112,112,112,112,112,112,112,112,112
112,112,112,112,112,112,112,112,112,112
112,112,112,112,112,112,112,112,112,112
112,112,112,112,112,112,112,112,112,112
112,112,112,112,112,112,112,112,112,112
112,112,112,112,112,112,112,112,112,112
112,112,112,112,112,112,112,112,112,112
112,112,112,112,112,112,112,112,112,112
112,112,112,112,112,112,112,112,112,112

>-2,6,300 {
112,112,112,112,112,112,112,112,112,112
112,112,112,112,112,112,112,112,112,112
112,112,112,112,112,112,112,112,112,112
112,112,112,112,112,112,112,112,112,112
112,112,112,112,112,112,112,112,112,112
112,112,112,112,112,112,112,112,112,112
112,112,112,112,112,112,112,112,112,112
112,112,112,112,112,112,112,112,112,112
112,112,112,112,112,112,112,112,112,112
112,112,112,112,112,112,112,112,112,112

>-1,6,300 {
112,112,112,112,112,112,112,112,112,112
112,112,112,112,112,112,112,112,112,112
112,112,112,112,112,112,112,112,112,112
112,112,112,112,112,112,112,112,112,112
112,112,112,112,112,112,112,112,112,112
112,112,112,112,112,112,112,112,112,112
112,112,112,112,112,112,112,112,112,112
112,112,112,112,112,112,112,112,112,112
112,112,112,112,112,112,112,112,112,112
112,112,112,112,112,112,112,112,112,112

>0,6,300 {
112,112,112,112,112,112,112,112,112,112
112,112,112,112,112,112,112,112,112,112
112,112,112,112,112,112,112,112,112,112
112,112,112,112,112,112,112,112,112,112
112,112,112,112,112,112,112,112,112,112
112,112,112,112,112,112,112,112,112,112
112,112,112,112,112,112,112,112,112,112
112,112,112,112,112,112,112,112,112,112
112,112,112,112,112,112,112,112,112,112
112,112,112,112,112,112,112,112,112,112

>1,6,300 {
112,112,112,112,112,112,112,112,112,112
112,112,112,112,112,112,112,112,112,112
112,112,112,112,112,112,112,112,112,112
112,112,112,112,112,112,112,112,112,112
112,112,112,112,112,112,112,112,112,112
112,112,112,112,112,112,112,112,112,112
102,102,112,112,112,112,112,112,112,112
114,114,112,112,112,112,112,112,112,112
114,102,112,112,112,112,112,112,112,112
114,114,112,112,112,112,112,112,112,112

>2,6,300 {
112,112,112,112,112,112,112,112,112,112
112,112,112,112,112,112,112,112,112,112
112,112,112,112,112,112,112,112,112,112
112,112,112,112,112,112,112,112,112,112
112,112,112,112,112,112,112,112,112,112
112,112,112,112,112,112,112,112,112,112
112,112,112,112,112,112,112,112,112,112
112,112,112,112,112,112,112,112,112,112
112,112,112,112,112,112,112,112,112,112
112,112,112,112,112,112,112,112,112,112

>3,6,300 {
112,112,112,112,112,112,112,112,112,112
112,112,112,112,112,112,112,112,112,112
112,112,112,112,112,112,112,112,112,112
112,112,112,112,112,112,112,112,112,112
112,112,112,112,112,112,112,112,112,112
112,112,112,112,112,112,112,112,112,112
112,112,112,112,112,112,112,112,112,112
112,112,112,112,112,112,112,112,112,112
112,112,112,112,112,112,112,112,112,112
112,112,112,112,112,112,112,112,112,112

>4,6,300 {
112,112,112,112,112,112,112,112,112,112
112,112,112,112,112,112,112,112,112,112
112,112,112,112,112,112,112,112,112,112
112,112,112,112,112,112,112,112,112,112
112,112,112,112,112,112,112,112,112,112
112,112,112,112,112,112,112,112,112,112
112,112,112,112,112,112,112,112,112,112
112,112,112,112,112,112,112,112,112,112
112,112,112,112,112,112,112,112,112,112
112,112,112,112,112,112,112,112,112,112

>6,-5,999 {
100,100,100,100,100,100,100,100,100,100
100,100,100,100,100,100,100,100,100,100
100,100,100,100,100,100,100,100,100,100
100,100,100,100,100,100,100,100,100,100
100,100,100,100,100,100,100,100,100,100
100,100,100,100,100,100,100,100,100,100
100,100,100,100,100,100,100,100,100,100
100,100,100,100,100,100,100,100,100,100
100,100,100,100,100,100,100,100,100,100
100,100,100,100,100,100,100,100,100,100

>6,-4,999 {
100,100,100,100,100,100,100,100,100,100
100,100,100,100,100,100,100,100,100,100
100,100,100,100,100,100,100,100,100,100
100,100,100,100,100,100,100,100,100,100
100,100,100,100,100,100,100,100,100,100
100,100,100,100,100,100,100,100,100,100
100,100,100,100,100,100,100,100,100,100
100,100,100,100,100,100,100,100,100,100
100,100,100,100,100,100,100,100,100,100
100,100,100,100,100,100,100,100,100,100

>6,-3,999 {
100,100,100,100,100,100,100,100,100,100
100,100,100,100,100,100,100,100,100,100
100,100,100,100,100,100,100,100,100,100
100,100,100,100,100,100,100,100,100,100
100,100,100,100,100,100,100,100,100,100
100,100,100,100,100,100,100,100,100,100
100,100,100,100,100,100,100,100,100,100
100,100,100,100,100,100,100,100,100,100
100,100,100,100,100,100,100,100,100,100
100,100,100,100,100,100,100,100,100,100

>6,-2,999 {
100,100,100,100,100,100,100,100,100,100
100,100,100,100,100,100,100,100,100,100
100,100,100,100,100,100,100,100,100,100
100,100,100,100,100,100,100,100,100,100
100,100,100,100,100,100,100,100,100,100
100,100,100,100,100,100,100,100,100,100
100,100,100,100,100,100,100,100,100,100
100,100,100,100,100,100,100,100,100,100
100,100,100,100,100,100,100,100,100,100
100,100,100,100,100,100,100,100,100,100

>6,-1,999 {
100,100,100,100,100,100,100,100,100,100
100,100,100,100,100,100,100,100,100,100
100,100,100,100,100,100,100,100,100,100
100,100,100,100,100,100,100,100,100,100
100,100,100,100,100,100,100,100,100,100
100,100,100,100,100,100,100,100,100,100
100,100,100,100,100,100,100,100,100,100
100,100,100,100,100,100,100,100,100,100
100,100,100,100,100,100,100,100,100,100
100,100,100,100,100,100,100,100,100,100

>6,0,105 {
100,100,100,100,100,100,100,100,100,100
100,100,100,100,100,100,100,100,100,100
100,100,100,100,100,100,100,100,100,100
107,107,107,107,107,107,107,107,107,107
102,102,102,102,102,102,102,102,102,102
102,102,102,102,102,102,102,102,102,102
102,102,102,102,102,102,102,102,102,102
102,102,102,102,102,102,102,102,102,102
102,102,102,102,102,102,102,102,102,102
102,102,112,112,102,112,102,112,112,102

>6,1,300 {
114,114,112,112,112,112,112,112,112,112
114,114,112,112,112,112,112,112,112,112
112,112,112,112,112,112,112,112,112,112
112,112,112,112,112,112,112,112,112,112
112,112,112,112,112,112,112,112,112,112
112,112,112,112,112,112,112,112,112,112
112,112,112,112,112,112,112,112,112,112
112,112,112,112,112,112,112,102,102,102
112,112,112,112,112,112,112,102,102,102
112,112,112,112,112,112,112,112,102,112

>6,2,300 {
112,112,112,112,112,112,112,112,112,112
112,112,112,112,112,112,112,112,112,112
112,112,112,112,112,112,112,112,112,112
112,112,112,112,112,112,112,112,112,112
112,112,112,112,112,112,112,112,112,112
112,112,112,112,112,112,112,112,112,112
112,112,112,112,112,112,112,112,112,112
112,112,112,112,112,112,112,112,112,112
112,112,112,112,112,112,112,112,112,112
112,112,112,112,112,112,112,112,112,112

>6,3,300 {
112,112,112,112,112,112,112,112,112,112
112,112,112,112,112,112,112,112,112,112
112,112,112,112,112,112,112,112,112,112
112,112,112,112,112,112,112,112,112,112
112,112,112,112,112,112,112,112,112,112
112,112,112,112,112,112,112,112,112,112
112,112,112,112,112,112,112,112,112,112
112,112,112,112,112,112,112,112,112,112
112,112,112,112,112,112,112,112,112,112
112,112,112,112,112,112,112,112,112,112

>6,4,300 {
112,112,112,112,112,112,112,112,112,112
112,112,112,112,112,112,112,112,112,112
112,112,112,112,112,112,112,112,112,112
112,112,112,112,112,112,112,112,112,112
112,112,112,112,112,112,112,112,112,112
112,112,112,112,112,112,112,112,112,112
112,112,112,112,112,112,112,112,112,112
112,112,112,112,112,112,112,112,112,112
112,112,112,112,112,112,112,112,112,112
112,112,112,112,112,112,112,112,112,112

>6,5,300 {
112,112,112,112,112,112,112,112,112,112
112,112,112,112,112,112,112,112,112,112
112,112,112,112,112,112,112,112,112,112
112,112,112,112,112,112,112,112,112,112
112,112,112,112,112,112,112,112,112,112
112,112,112,112,112,112,112,112,112,112
112,112,112,112,112,112,112,112,112,112
112,112,112,112,112,112,112,112,112,112
112,112,112,112,112,112,112,112,112,112
112,112,112,112,112,112,112,112,112,112

>7,-5,999 {
100,100,100,100,100,100,100,100,100,100
100,100,100,100,100,100,100,100,100,100
100,100,100,100,100,100,100,100,100,100
100,100,100,100,100,100,100,100,100,100
100,100,100,100,100,100,100,100,100,100
100,100,100,100,100,100,100,100,100,100
100,100,100,100,100,100,100,100,100,100
100,100,100,100,100,100,100,100,100,100
100,100,100,100,100,100,100,100,100,100
100,100,100,100,100,100,100,100,100,100

>7,-4,999 {
100,100,100,100,100,100,100,100,100,100
100,100,100,100,100,100,100,100,100,100
100,100,100,100,100,100,100,100,100,100
100,100,100,100,100,100,100,100,100,100
100,100,100,100,100,100,100,100,100,100
100,100,100,100,100,100,100,100,100,100
100,100,100,100,100,100,100,100,100,100
100,100,100,100,100,100,100,100,100,100
100,100,100,100,100,100,100,100,100,100
100,100,100,100,100,100,100,100,100,100

>7,-3,999 {
100,100,100,100,100,100,100,100,100,100
100,100,100,100,100,100,100,100,100,100
100,100,100,100,100,100,100,100,100,100
100,100,100,100,100,100,100,100,100,100
100,100,100,100,100,100,100,100,100,100
100,100,100,100,100,100,100,100,100,100
100,100,100,100,100,100,100,100,100,100
100,100,100,100,100,100,100,100,100,100
100,100,100,100,100,100,100,100,100,100
100,100,100,100,100,100,100,100,100,100

>7,-2,999 {
100,100,100,100,100,100,100,100,100,100
100,100,100,100,100,100,100,100,100,100
100,100,100,100,100,100,100,100,100,100
100,100,100,100,100,100,100,100,100,100
100,100,100,100,100,100,100,100,100,100
100,100,100,100,100,100,100,100,100,100
100,100,100,100,100,100,100,100,100,100
100,100,100,100,100,100,100,100,100,100
100,100,100,100,100,100,100,100,100,100
100,100,100,100,100,100,100,100,100,100

>7,-1,999 {
100,100,100,100,100,100,100,100,100,100
100,100,100,100,100,100,100,100,100,100
100,100,100,100,100,100,100,100,100,100
100,100,100,100,100,100,100,100,100,100
100,100,100,100,100,100,100,100,100,100
100,100,100,100,100,100,100,100,100,100
100,100,100,100,100,100,100,100,100,100
100,100,100,100,100,100,100,100,100,100
100,100,100,100,100,100,100,100,100,100
100,100,100,100,100,100,100,100,100,100

>7,0,105 {
100,100,100,100,100,100,100,100,100,100
100,100,100,100,100,100,100,100,100,100
100,100,100,100,100,100,100,100,100,100
107,107,107,107,107,107,107,107,107,107
102,102,102,102,102,102,102,102,102,102
102,102,102,102,102,102,102,102,102,102
102,102,102,102,102,102,102,102,102,102
102,102,102,102,102,102,102,102,102,102
102,102,102,102,102,102,102,102,102,102
112,102,112,112,102,112,102,112,102,112

>7,1,300 {
112,112,112,112,112,112,112,112,112,112
112,112,112,112,112,112,112,112,112,112
112,112,112,112,112,112,112,112,112,112
102,102,102,112,112,112,112,112,112,112
102,102,112,112,112,112,112,112,114,114
102,112,102,112,112,112,112,112,112,114
112,112,112,112,112,112,112,112,114,114
112,112,112,112,112,112,112,112,112,112
112,112,112,112,112,112,112,112,112,112
112,112,112,112,112,112,112,112,112,112

>7,2,300 {
112,112,112,112,112,112,112,112,112,112
112,112,112,112,112,112,112,112,112,112
112,112,112,112,112,112,112,112,112,112
112,112,112,112,112,112,112,112,112,112
112,112,112,112,112,112,112,112,112,112
112,112,112,112,112,112,112,112,112,112
112,112,112,112,112,112,112,112,112,112
112,112,112,112,112,112,112,112,112,112
112,112,112,112,112,112,112,112,112,112
112,112,112,112,112,112,112,112,112,112

>7,3,300 {
112,112,112,112,112,112,112,112,112,112
112,112,112,112,112,112,112,112,112,112
112,112,112,112,112,112,112,112,112,112
112,112,112,112,112,112,112,112,112,112
112,112,112,112,112,112,112,112,112,112
112,112,112,112,112,112,112,112,112,112
112,112,112,112,112,112,112,112,112,112
112,112,112,115,112,112,112,112,112,112
112,112,115,112,112,112,112,112,112,112
112,112,112,112,112,112,112,112,112,112

>7,4,300 {
112,112,112,112,112,112,112,112,112,112
112,112,112,112,112,112,112,112,112,112
112,112,112,112,112,112,112,112,112,112
112,112,112,112,112,112,112,112,112,112
112,112,112,112,112,112,112,112,112,112
112,112,112,112,112,112,112,112,112,112
112,112,112,112,112,112,112,112,112,112
112,112,112,112,112,112,112,112,112,112
112,112,112,112,112,112,112,112,112,112
112,112,112,112,112,112,112,112,112,112

>7,5,300 {
112,112,112,112,112,112,112,112,112,112
112,112,112,112,112,112,112,112,112,112
112,112,112,112,112,112,112,112,112,112
112,112,112,112,112,112,112,112,112,112
112,112,112,112,112,112,112,112,112,112
112,112,112,112,112,112,112,112,112,112
112,112,112,112,112,112,112,112,112,112
112,112,112,112,112,112,112,112,112,112
112,112,112,112,112,112,112,112,112,112
112,112,112,112,112,112,112,112,112,112

>8,-5,999 {
100,100,100,100,100,100,100,100,100,100
100,100,100,100,100,100,100,100,100,100
100,100,100,100,100,100,100,100,100,100
100,100,100,100,100,100,100,100,100,100
100,100,100,100,100,100,100,100,100,100
100,100,100,100,100,100,100,100,100,100
100,100,100,100,100,100,100,100,100,100
100,100,100,100,100,100,100,100,100,100
100,100,100,100,100,100,100,100,100,100
100,100,100,100,100,100,100,100,100,100

>8,-4,999 {
100,100,100,100,100,100,100,100,100,100
100,100,100,100,100,100,100,100,100,100
100,100,100,100,100,100,100,100,100,100
100,100,100,100,100,100,100,100,100,100
100,100,100,100,100,100,100,100,100,100
100,100,100,100,100,100,100,100,100,100
100,100,100,100,100,100,100,100,100,100
100,100,100,100,100,100,100,100,100,100
100,100,100,100,100,100,100,100,100,100
100,100,100,100,100,100,100,100,100,100

>8,-3,999 {
100,100,100,100,100,100,100,100,100,100
100,100,100,100,100,100,100,100,100,100
100,100,100,100,100,100,100,100,100,100
100,100,100,100,100,100,100,100,100,100
100,100,100,100,100,100,100,100,100,100
100,100,100,100,100,100,100,100,100,100
100,100,100,100,100,100,100,100,100,100
100,100,100,100,100,100,100,100,100,100
100,100,100,100,100,100,100,100,100,100
100,100,100,100,100,100,100,100,100,100

>8,-2,999 {
100,100,100,100,100,100,100,100,100,100
100,100,100,100,100,100,100,100,100,100
100,100,100,100,100,100,100,100,100,100
100,100,100,100,100,100,100,100,100,100
100,100,100,100,100,100,100,100,100,100
100,100,100,100,100,100,100,100,100,100
100,100,100,100,100,100,100,100,100,100
100,100,100,100,100,100,100,100,100,100
100,100,100,100,100,100,100,100,100,100
100,100,100,100,100,100,100,100,100,100

>8,-1,999 {
100,100,100,100,100,100,100,100,100,100
100,100,100,100,100,100,100,100,100,100
100,100,100,100,100,100,100,100,100,100
100,100,100,100,100,100,100,100,100,100
100,100,100,100,100,100,100,100,100,100
100,100,100,100,100,100,100,100,100,100
100,100,100,100,100,100,100,100,100,100
100,100,100,100,100,100,100,100,100,100
100,100,100,100,100,100,100,100,100,100
100,100,100,100,100,100,100,100,100,100

>8,0,105 {
100,100,100,100,100,100,100,100,100,100
100,100,100,100,100,100,100,100,100,100
100,100,100,100,100,100,107,107,107,107
107,107,107,107,107,107,102,102,102,102
102,102,102,102,102,102,102,102,102,102
102,102,102,102,102,102,102,102,102,102
102,102,102,102,102,102,102,102,102,102
102,102,102,102,102,102,102,102,102,102
102,102,102,102,102,102,102,102,102,102
102,102,112,112,102,112,112,112,112,112

>8,1,300 {
112,112,112,112,112,112,112,112,112,112
112,112,112,112,112,112,112,112,112,112
112,112,112,112,112,112,112,112,112,112
112,112,112,112,112,112,112,112,112,112
112,112,112,112,112,112,112,112,112,112
112,112,112,112,112,112,112,112,112,112
112,112,112,112,112,112,112,112,112,112
112,112,112,112,112,112,112,112,112,112
112,112,112,112,112,112,112,112,112,112
112,112,112,112,112,112,112,112,112,112

>8,2,300 {
112,112,112,112,112,112,112,112,112,112
112,112,112,112,112,112,112,112,112,112
112,112,112,112,112,112,112,112,112,112
112,112,112,112,112,112,112,112,112,112
112,112,112,112,112,112,112,112,112,112
112,112,112,112,112,112,112,112,112,112
112,112,112,112,112,112,112,112,112,112
112,112,112,112,112,112,112,112,112,112
112,112,112,112,112,112,112,112,112,112
112,112,112,112,112,112,112,112,112,112

>8,3,300 {
112,112,112,112,112,112,112,112,112,112
112,112,112,112,112,112,112,112,112,112
112,112,112,112,112,112,112,112,112,112
112,112,112,112,112,112,112,112,112,112
112,112,112,112,112,112,112,112,112,112
112,112,112,112,112,112,112,112,112,112
112,112,112,112,112,112,112,112,112,112
112,112,112,112,112,112,112,112,112,112
112,112,112,112,112,112,112,112,112,112
112,112,112,112,112,112,112,112,112,112

>8,4,300 {
112,112,112,112,112,112,112,112,112,112
112,112,112,112,112,112,112,112,112,112
112,112,112,112,112,112,112,112,112,112
112,112,112,112,112,112,112,112,112,112
112,112,112,112,112,112,112,112,112,112
112,112,112,112,112,112,112,112,112,112
112,112,112,112,112,112,112,112,112,112
112,112,112,112,112,112,112,112,112,112
112,112,112,112,112,112,112,112,112,112
112,112,112,112,112,112,112,112,112,112

>8,5,300 {
112,112,112,112,112,112,112,112,112,112
112,112,112,112,112,112,112,112,112,112
112,112,112,112,112,112,112,112,112,112
112,112,112,112,112,112,112,112,112,112
112,112,112,112,112,112,112,112,112,112
112,112,112,112,112,112,112,112,112,112
112,112,112,112,112,112,112,112,112,112
112,112,112,112,112,112,112,112,112,112
112,112,112,112,112,112,112,112,112,112
112,112,112,112,112,112,112,112,112,112

>9,-5,999 {
100,100,100,100,100,100,100,100,100,100
100,100,100,100,100,100,100,100,100,100
100,100,100,100,100,100,100,100,100,100
100,100,100,100,100,100,100,100,100,100
100,100,100,100,100,100,100,100,100,100
100,100,100,100,100,100,100,100,100,100
100,100,100,100,100,100,100,100,100,100
100,100,100,100,100,100,100,100,100,100
100,100,100,100,100,100,100,100,100,100
100,100,100,100,100,100,100,100,100,100

>9,-4,999 {
100,100,100,100,100,100,100,100,100,100
100,100,100,100,100,100,100,100,100,100
100,100,100,100,100,100,100,100,100,100
100,100,100,100,100,100,100,100,100,100
100,100,100,100,100,100,100,100,100,100
100,100,100,100,100,100,100,100,100,100
100,100,100,100,100,100,100,100,100,100
100,100,100,100,100,100,100,100,100,100
100,100,100,100,100,100,100,100,100,100
100,100,100,100,100,100,100,100,100,100

>9,-3,999 {
100,100,100,100,100,100,100,100,100,100
100,100,100,100,100,100,100,100,100,100
100,100,100,100,100,100,100,100,100,100
100,100,100,100,100,100,100,100,100,100
100,100,100,100,100,100,100,100,100,100
100,100,100,100,100,100,100,100,100,100
100,100,100,100,100,100,100,100,100,100
100,100,100,100,100,100,100,100,100,100
100,100,100,100,100,100,100,100,100,100
100,100,100,100,100,100,100,100,100,100

>9,-2,999 {
100,100,100,100,100,100,100,100,100,100
100,100,100,100,100,100,100,100,100,100
100,100,100,100,100,100,100,100,100,100
100,100,100,100,100,100,100,100,100,100
100,100,100,100,100,100,100,100,100,100
100,100,100,100,100,100,100,100,100,100
100,100,100,100,100,100,100,100,100,100
100,100,100,100,100,100,100,100,100,100
100,100,100,100,100,100,100,100,100,100
100,100,100,100,100,100,100,100,100,100

>9,-1,999 {
100,100,100,100,100,100,100,100,100,100
100,100,100,100,100,100,100,100,100,100
100,100,100,100,100,100,100,100,100,100
100,100,100,100,100,100,100,100,100,100
100,100,100,100,100,100,100,100,100,100
100,100,100,100,100,100,100,100,100,100
100,100,100,100,100,100,100,100,100,100
100,100,100,100,100,100,100,100,100,100
100,100,100,100,100,100,100,100,100,100
100,100,100,100,100,100,100,100,100,100

>9,0,105 {
100,100,100,100,100,100,100,100,100,100
100,100,100,100,100,100,100,100,100,100
100,100,100,100,100,100,107,107,107,107
107,107,107,107,107,107,102,102,102,102
102,102,102,102,102,102,102,102,102,102
102,102,102,102,102,102,102,102,102,102
102,102,102,102,102,102,102,102,102,102
102,102,102,102,102,102,102,102,102,102
102,102,102,102,102,102,102,102,102,102
102,112,112,112,102,102,112,112,112,102

>9,1,300 {
112,112,112,112,112,112,112,112,112,112
112,112,112,112,112,112,112,112,112,112
112,112,112,112,112,112,112,112,112,112
112,112,112,112,112,112,112,112,112,112
112,112,112,112,112,112,112,112,112,112
112,112,112,112,112,112,112,112,112,112
112,112,112,112,112,112,112,112,112,112
112,112,112,112,112,112,112,112,112,112
112,112,112,112,112,112,112,112,112,112
112,112,112,112,112,112,112,112,112,112

>9,2,300 {
112,112,112,112,112,112,112,112,112,112
112,112,112,112,112,112,112,112,112,112
112,112,112,112,112,112,112,112,112,112
112,112,112,112,112,112,112,112,112,112
112,112,112,112,112,112,112,112,112,112
112,112,112,112,112,112,112,112,112,112
112,112,112,112,112,112,112,112,112,112
112,112,112,112,112,112,112,112,112,112
112,112,112,112,112,112,112,112,112,112
112,112,112,112,112,112,112,112,112,112

>9,3,300 {
112,112,112,112,112,112,112,112,112,112
112,112,112,112,112,112,112,112,112,112
112,112,112,112,112,112,112,112,112,112
112,112,112,112,112,112,112,112,112,112
112,112,112,112,112,112,112,112,112,112
112,112,112,112,112,112,112,112,112,112
112,112,112,112,112,112,112,112,112,112
112,112,112,112,112,112,112,112,112,112
112,112,112,112,112,112,112,112,112,112
112,112,112,112,112,112,112,112,112,112

>9,4,300 {
112,112,112,112,112,112,112,112,112,112
112,112,112,112,112,112,112,112,112,112
112,112,112,112,112,112,112,112,112,112
112,112,112,112,112,112,112,112,112,112
112,112,112,112,112,112,112,112,112,112
112,112,112,112,112,112,112,112,112,112
112,112,112,112,112,112,112,112,112,112
112,112,112,112,112,112,112,112,112,112
112,112,112,112,112,112,112,112,112,112
112,112,112,112,112,112,112,112,112,112

>9,5,300 {
112,112,112,112,112,112,112,112,112,112
112,112,112,112,112,112,112,112,112,112
112,112,112,112,112,112,112,112,112,112
112,112,112,112,112,112,112,112,112,112
112,112,112,112,112,112,112,112,112,112
112,112,112,112,112,112,112,112,112,112
112,112,112,112,112,112,112,112,112,112
112,112,112,112,112,112,112,112,112,112
112,112,112,112,112,112,112,112,112,112
112,112,112,112,112,112,112,112,112,112

>10,-5,999 {
100,100,100,100,100,100,100,100,100,100
100,100,100,100,100,100,100,100,100,100
100,100,100,100,100,100,100,100,100,100
100,100,100,100,100,100,100,100,100,100
100,100,100,100,100,100,100,100,100,100
100,100,100,100,100,100,100,100,100,100
100,100,100,100,100,100,100,100,100,100
100,100,100,100,100,100,100,100,100,100
100,100,100,100,100,100,100,100,100,100
100,100,100,100,100,100,100,100,100,100

>10,-4,999 {
100,100,100,100,100,100,100,100,100,100
100,100,100,100,100,100,100,100,100,100
100,100,100,100,100,100,100,100,100,100
100,100,100,100,100,100,100,100,100,100
100,100,100,100,100,100,100,100,100,100
100,100,100,100,100,100,100,100,100,100
100,100,100,100,100,100,100,100,100,100
100,100,100,100,100,100,100,100,100,100
100,100,100,100,100,100,100,100,100,100
100,100,100,100,100,100,100,100,100,100

>10,-3,999 {
100,100,100,100,100,100,100,100,100,100
100,100,100,100,100,100,100,100,100,100
100,100,100,100,100,100,100,100,100,100
100,100,100,100,100,100,100,100,100,100
100,100,100,100,100,100,100,100,100,100
100,100,100,100,100,100,100,100,100,100
100,100,100,100,100,100,100,100,100,100
100,100,100,100,100,100,100,100,100,100
100,100,100,100,100,100,100,100,100,100
100,100,100,100,100,100,100,100,100,100

>10,-2,999 {
100,100,100,100,100,100,100,100,100,100
100,100,100,100,100,100,100,100,100,100
100,100,100,100,100,100,100,100,100,100
100,100,100,100,100,100,100,100,100,100
100,100,100,100,100,100,100,100,100,100
100,100,100,100,100,100,100,100,100,100
100,100,100,100,100,100,100,100,100,100
100,100,100,100,100,100,100,100,100,100
100,100,100,100,100,100,100,100,100,100
100,100,100,100,100,100,100,100,100,100

>10,-1,999 {
100,100,100,100,100,100,100,100,100,100
100,100,100,100,100,100,100,100,100,100
100,100,100,100,100,100,100,100,100,100
100,100,100,100,100,100,100,100,100,100
100,100,100,100,100,100,100,100,100,100
100,100,100,100,100,100,100,100,100,100
100,100,100,100,100,100,100,100,100,100
100,100,100,100,100,100,100,100,100,100
100,100,100,100,100,100,100,100,100,100
100,100,100,100,100,100,100,100,100,100

>10,0,105 {
100,100,100,100,100,100,100,100,100,100
100,100,100,100,100,100,100,100,100,100
100,100,100,100,100,100,107,107,107,107
107,107,107,107,107,107,102,102,102,102
102,102,102,102,102,102,102,102,102,102
102,102,102,102,102,102,102,102,102,102
102,102,102,102,102,102,102,102,102,102
102,102,102,102,102,102,102,102,102,102
102,102,102,102,102,102,102,102,102,102
112,112,102,112,112,112,102,102,112,102

>10,1,300 {
112,112,112,112,112,112,112,112,112,112
112,112,112,112,112,112,112,112,112,112
112,112,112,112,112,112,112,112,112,112
112,112,112,112,112,112,112,112,112,112
112,112,112,112,112,112,112,112,112,112
112,112,112,112,112,112,112,112,112,112
112,112,112,112,112,112,112,112,112,112
112,112,112,112,112,112,112,112,112,112
112,112,112,112,112,112,112,112,112,112
112,112,112,112,112,112,112,112,112,112

>10,2,300 {
112,112,112,112,112,112,112,112,112,112
112,112,112,112,112,112,112,112,112,112
112,112,112,112,112,112,112,112,112,112
112,112,112,112,112,112,112,112,112,112
112,112,112,112,112,112,112,112,112,112
112,112,112,112,112,112,112,112,112,112
112,112,112,112,112,112,112,112,112,112
112,112,112,112,112,112,112,112,112,112
112,112,112,112,112,112,112,112,112,112
112,112,112,112,112,112,112,112,112,112

>10,3,300 {
112,112,112,112,112,112,112,112,112,112
112,112,112,112,112,112,112,112,112,112
112,112,112,112,112,112,112,112,112,112
112,112,112,112,112,112,112,112,112,112
112,112,112,112,112,112,112,112,112,112
112,112,112,112,112,112,112,112,112,112
112,112,112,112,112,112,112,112,112,112
112,112,112,112,112,112,112,112,112,112
112,112,112,112,112,112,112,112,112,112
112,112,112,112,112,112,112,112,112,112

>10,4,300 {
112,112,112,112,112,112,112,112,112,112
112,112,112,112,112,112,112,112,112,112
112,112,112,112,112,112,112,112,112,112
112,112,112,112,112,112,112,112,112,112
112,112,112,112,112,112,112,112,112,112
112,112,112,112,112,112,112,112,112,112
112,112,112,112,112,112,112,112,112,112
112,112,112,112,112,112,112,112,112,112
112,112,112,112,112,112,112,112,112,112
112,112,112,112,112,112,112,112,112,112

>10,5,300 {
112,112,112,112,112,112,112,112,112,112
112,112,112,112,112,112,112,112,112,112
112,112,112,112,112,112,112,112,112,112
112,112,112,112,112,112,112,112,112,112
112,112,112,112,112,112,112,112,112,112
112,112,112,112,112,112,112,112,112,112
112,112,112,112,112,112,112,112,112,112
112,112,112,112,112,112,112,112,112,112
112,112,112,112,112,112,112,112,112,112
112,112,112,112,112,112,112,112,112,112

